    #t	      pc1	      pc2	      pc3
   0.0	 0.006010	-0.017730	 0.026640
  20.0	-0.034350	 0.028390	-0.004150
  40.0	 0.016450	 0.016870	 0.019390
  60.0	 0.002860	 0.024920	 0.008640
  80.0	-0.042200	 0.007260	 0.000780
 100.0	 0.021240	-0.000350	-0.007810
 120.0	 0.045090	 0.007820	 0.011600
 140.0	 0.044400	-0.021150	-0.009670
 160.0	 0.006310	-0.035730	-0.023330
 180.0	-0.008950	 0.013450	 0.019310
 200.0	 0.008680	 0.008630	-0.002640
 220.0	 0.023010	 0.013700	-0.005250
 240.0	 0.005720	 0.008850	 0.000860
 260.0	 0.015860	-0.014120	 0.002950
 280.0	 0.031630	 0.002870	 0.024650
 300.0	 0.001070	-0.007090	-0.000920
 320.0	-0.015600	-0.002100	-0.000440
 340.0	 0.017000	-0.000060	-0.000100
 360.0	 0.014060	 0.020250	 0.018140
 380.0	-0.043660	-0.035830	 0.006300
 400.0	-0.015710	-0.031010	 0.023780
 420.0	-0.046030	-0.007990	-0.025570
 440.0	 0.039010	-0.029870	 0.010980
 460.0	 0.003200	 0.009730	-0.006380
 480.0	-0.017490	-0.009410	-0.014780
 500.0	 0.041810	-0.003110	-0.004080
 520.0	 0.040930	-0.025940	-0.014020
 540.0	 0.030050	 0.007940	-0.022260
 560.0	 0.032000	 0.006610	-0.004350
 580.0	-0.023130	-0.026730	-0.010240
 600.0	-0.003170	-0.013410	-0.000190
 620.0	-0.018470	 0.025240	-0.006160
 640.0	-0.009420	-0.011760	 0.025840
 660.0	 0.027190	 0.001100	-0.019910
 680.0	-0.011720	-0.001450	-0.022520
 700.0	-0.040400	 0.001640	-0.001630
 720.0	-0.012800	 0.022740	 0.015520
 740.0	 0.011160	-0.037940	 0.025660
 760.0	-0.017260	-0.022780	 0.000020
 780.0	 0.019880	 0.004930	 0.008040
 800.0	 0.017660	 0.000520	 0.007380
 820.0	 0.016350	 0.014110	 0.003770
 840.0	 0.007020	 0.028690	-0.000580
 860.0	-0.015670	-0.008530	 0.025450
 880.0	-0.008160	-0.042000	 0.035090
 900.0	 0.056090	 0.011550	-0.006710
 920.0	 0.026910	 0.026180	 0.006760
 940.0	 0.020260	-0.023720	-0.018800
 960.0	 0.005890	 0.003360	-0.001440
 980.0	-0.028170	 0.017850	 0.020770
1000.0	-0.012760	-0.017350	 0.006820
1020.0	 0.030450	 0.005280	 0.011380
1040.0	-0.017690	-0.009460	-0.001910
1060.0	-0.027370	 0.018980	 0.006020
1080.0	-0.012770	 0.040920	-0.012250
1100.0	 0.011940	 0.028590	 0.004020
1120.0	 0.041990	 0.033420	 0.008360
1140.0	 0.003330	 0.006280	 0.005540
1160.0	-0.005500	 0.003340	 0.009220
1180.0	-0.024170	-0.010090	 0.004580
1200.0	 0.021700	-0.007060	-0.000550
1220.0	-0.032120	-0.012910	 0.012210
1240.0	-0.061830	 0.001450	-0.015180
1260.0	-0.034440	 0.020500	 0.027890
1280.0	-0.040960	-0.018850	-0.006900
1300.0	-0.016260	 0.001640	-0.023000
1320.0	-0.009250	-0.000910	 0.011090
1340.0	 0.017910	-0.000290	-0.002290
1360.0	 0.033680	 0.008230	 0.020830
1380.0	-0.029960	-0.008740	-0.020350
1400.0	-0.052750	 0.022990	-0.011520
1420.0	 0.007760	-0.018490	-0.022680
1440.0	 0.035290	 0.008160	-0.006600
1460.0	 0.016760	 0.000810	 0.024870
1480.0	 0.010730	 0.013480	 0.017130
1500.0	-0.026570	-0.000560	-0.030550
1520.0	-0.007200	-0.008370	 0.018950
1540.0	 0.030680	-0.021860	-0.018960
1560.0	 0.006180	-0.028790	 0.009850
1580.0	 0.006530	 0.005260	 0.013630
1600.0	 0.011210	-0.014270	 0.009700
1620.0	-0.024500	-0.005120	-0.006230
1640.0	-0.001320	 0.007750	-0.007050
1660.0	 0.013520	 0.008550	 0.003840
1680.0	-0.020980	 0.024020	-0.000260
1700.0	 0.010450	-0.023450	 0.001890
1720.0	-0.009040	-0.003540	-0.010320
1740.0	-0.002830	 0.029000	 0.010370
1760.0	-0.007900	-0.019660	 0.022090
1780.0	-0.019880	 0.001950	 0.008110
1800.0	-0.005410	-0.024650	-0.016360
1820.0	-0.009110	 0.005110	-0.027110
1840.0	 0.000570	 0.034390	 0.005770
1860.0	-0.004790	-0.052290	 0.002540
1880.0	-0.032780	-0.019770	-0.014010
1900.0	 0.027010	-0.022100	-0.009260
1920.0	 0.007100	 0.028430	-0.018060
1940.0	 0.056570	-0.035910	-0.038820
1960.0	 0.014060	 0.005460	-0.014350
1980.0	-0.027670	-0.006640	-0.007910
2000.0	-0.009960	 0.025160	 0.004830
2020.0	-0.013310	 0.001640	-0.006090
2040.0	 0.002440	 0.005140	-0.004280
2060.0	 0.014150	 0.001600	 0.020190
2080.0	 0.024600	-0.004690	 0.000580
2100.0	 0.031700	 0.012520	-0.003800
2120.0	-0.034730	-0.043890	 0.006410
2140.0	-0.058040	-0.023070	-0.012760
2160.0	-0.006960	 0.012070	 0.003540
2180.0	 0.009250	-0.008520	 0.009090
2200.0	-0.004480	 0.005830	-0.000690
2220.0	 0.001380	-0.020920	 0.011130
2240.0	 0.003960	-0.005640	-0.006930
2260.0	 0.023900	 0.003580	 0.000800
2280.0	-0.002580	-0.016330	-0.013430
2300.0	-0.022120	-0.006590	 0.016310
2320.0	 0.001250	-0.013630	 0.016810
2340.0	 0.007690	 0.017020	 0.027400
2360.0	 0.042840	 0.016040	 0.003260
2380.0	-0.013010	 0.003780	-0.029670
2400.0	 0.012730	-0.006760	-0.020790
2420.0	-0.033010	-0.022460	-0.003350
2440.0	-0.002930	 0.012370	-0.024370
2460.0	 0.031870	 0.019150	 0.011370
2480.0	-0.018780	 0.009800	 0.011950
2500.0	-0.017030	-0.025690	 0.004980
2520.0	 0.028710	-0.010710	-0.017780
2540.0	 0.019500	 0.013500	-0.020920
2560.0	 0.033020	 0.027340	-0.018730
2580.0	-0.002080	 0.008700	-0.017100
2600.0	-0.015430	-0.031140	 0.005790
2620.0	 0.017260	-0.031730	 0.012960
2640.0	 0.023250	-0.029260	-0.001670
2660.0	 0.017500	 0.016670	 0.023950
2680.0	 0.026260	-0.010510	-0.004440
2700.0	-0.039130	 0.030710	 0.015220
2720.0	 0.025070	-0.008490	-0.020120
2740.0	 0.009930	 0.032010	-0.002620
2760.0	-0.022120	-0.017390	 0.008040
2780.0	-0.011480	-0.036800	 0.005640
2800.0	-0.013800	-0.010150	 0.020580
2820.0	 0.014350	 0.003240	-0.011980
2840.0	 0.014650	 0.005410	 0.005570
2860.0	-0.002050	 0.005560	 0.007160
2880.0	 0.001160	 0.019250	-0.015850
2900.0	-0.037550	 0.023430	-0.008860
2920.0	-0.025240	 0.002390	-0.027190
2940.0	-0.009180	-0.026020	 0.013600
2960.0	-0.018640	-0.022350	-0.015630
2980.0	 0.027390	-0.027930	 0.014420
3000.0	 0.009940	-0.018470	 0.023600
3020.0	-0.036730	-0.015220	-0.018710
3040.0	 0.009900	-0.008790	 0.013500
3060.0	-0.052090	-0.028400	-0.008800
3080.0	-0.042850	 0.007700	 0.010590
3100.0	 0.047490	 0.013970	-0.016610
3120.0	-0.051510	 0.004870	-0.022890
3140.0	-0.017040	 0.002880	 0.001360
3160.0	 0.030390	-0.003470	 0.008830
3180.0	 0.009530	-0.017070	-0.045670
3200.0	-0.009830	-0.012570	 0.008790
3220.0	 0.007670	 0.018070	-0.022860
3240.0	-0.032930	-0.000060	-0.012010
3260.0	 0.003740	 0.020870	-0.029170
3280.0	 0.028710	 0.015790	 0.013520
3300.0	-0.051900	-0.010260	-0.007480
3320.0	 0.036070	 0.013630	-0.007090
3340.0	 0.030650	-0.032570	 0.033490
3360.0	-0.015660	-0.002610	 0.011520
3380.0	-0.030710	-0.006180	 0.006490
3400.0	-0.001630	-0.012130	-0.006170
3420.0	-0.035390	 0.008860	 0.013060
3440.0	 0.023630	-0.040410	 0.023150
3460.0	-0.009610	-0.000560	-0.020510
3480.0	-0.005810	 0.012320	-0.006310
3500.0	 0.000850	 0.019340	-0.011480
3520.0	 0.034660	-0.004250	-0.002120
3540.0	 0.071080	-0.023420	-0.018880
3560.0	-0.034700	 0.015540	 0.004100
3580.0	 0.009810	 0.014070	 0.019890
3600.0	-0.009880	 0.005060	 0.015650
3620.0	 0.003690	-0.001270	-0.000170
3640.0	-0.010340	-0.013440	-0.017960
3660.0	 0.035470	-0.003310	-0.021330
3680.0	-0.008210	 0.007450	-0.016800
3700.0	 0.011870	 0.021800	-0.011830
3720.0	 0.028760	-0.011890	 0.002750
3740.0	 0.005170	 0.022470	 0.021480
3760.0	 0.046200	 0.013050	-0.008050
3780.0	 0.007700	 0.017320	 0.002600
3800.0	 0.005530	-0.008700	-0.016020
3820.0	 0.023170	 0.017390	 0.001790
3840.0	 0.023210	-0.007590	-0.030760
3860.0	-0.023880	 0.018240	 0.010280
3880.0	-0.001160	 0.011310	 0.024300
3900.0	 0.021480	-0.017660	-0.001120
3920.0	-0.053240	 0.023910	 0.008370
3940.0	 0.019890	-0.037250	-0.003470
3960.0	-0.039900	-0.040490	-0.015040
3980.0	 0.046930	 0.007650	 0.016870
4000.0	-0.012450	 0.009010	 0.008390
4020.0	 0.003850	-0.013660	-0.000340
4040.0	-0.002000	 0.011230	 0.001430
4060.0	 0.000220	-0.022460	 0.001020
4080.0	-0.035670	-0.014370	-0.018010
4100.0	-0.038270	 0.006890	 0.005000
4120.0	-0.033500	 0.008770	-0.025690
4140.0	 0.011820	-0.009850	-0.047920
4160.0	-0.015840	-0.005100	-0.003950
4180.0	 0.016930	 0.026930	 0.017110
4200.0	-0.015460	-0.005830	 0.018650
4220.0	 0.033670	-0.004410	 0.014780
4240.0	 0.005040	 0.007640	 0.006460
4260.0	 0.079770	-0.037550	-0.019210
4280.0	 0.017630	-0.012330	-0.004530
4300.0	 0.055840	 0.002120	-0.032590
4320.0	-0.060330	 0.001530	 0.006480
4340.0	 0.006950	 0.012730	 0.001370
4360.0	 0.112300	 0.011120	-0.066010
4380.0	 0.010910	 0.035700	 0.013340
4400.0	-0.016620	-0.034880	-0.029300
4420.0	 0.024100	 0.003110	 0.012690
4440.0	 0.007930	 0.041370	 0.026840
4460.0	-0.026620	 0.029880	 0.014720
4480.0	 0.013450	-0.015500	 0.005620
4500.0	-0.002980	 0.044960	 0.001430
4520.0	 0.002460	 0.013860	 0.006910
4540.0	 0.008450	-0.010410	-0.005300
4560.0	 0.054000	-0.006520	 0.027040
4580.0	-0.038140	-0.016420	-0.015720
4600.0	 0.001140	 0.018250	 0.025260
4620.0	-0.037100	-0.007460	-0.000360
4640.0	-0.008450	-0.007790	-0.010790
4660.0	 0.006340	 0.029800	 0.026810
4680.0	-0.012390	-0.031110	 0.002650
4700.0	 0.013610	 0.009760	 0.010470
4720.0	 0.052790	 0.017840	-0.003950
4740.0	-0.003500	 0.007040	-0.026130
4760.0	 0.036810	 0.024450	-0.009420
4780.0	 0.025390	 0.005430	 0.028370
4800.0	 0.037040	 0.009760	-0.019070
4820.0	 0.027290	-0.033140	 0.021050
4840.0	-0.010710	-0.009230	 0.028530
4860.0	-0.043960	-0.003030	-0.000830
4880.0	 0.021450	-0.010790	 0.001950
4900.0	-0.014800	-0.024350	-0.024080
4920.0	 0.029130	-0.018320	-0.023800
4940.0	-0.020440	 0.009340	-0.009180
4960.0	-0.046200	 0.015520	-0.011390
4980.0	-0.001590	 0.012140	 0.005240
5000.0	 0.027110	 0.025740	 0.010040
5020.0	 0.011510	 0.010950	 0.001180
5040.0	 0.006400	-0.006310	 0.005240
5060.0	-0.018870	-0.015320	 0.009420
5080.0	 0.031780	 0.008240	 0.001870
5100.0	-0.013410	-0.009140	 0.010720
5120.0	 0.023060	 0.006930	 0.016880
5140.0	-0.005410	 0.016910	 0.016570
5160.0	 0.034660	-0.008760	-0.017880
5180.0	-0.002460	 0.015860	 0.010100
5200.0	-0.038140	-0.019360	 0.004840
5220.0	 0.004880	 0.007420	-0.040960
5240.0	 0.021960	-0.023730	 0.010750
5260.0	-0.000330	-0.023130	 0.002310
5280.0	 0.028900	-0.030160	 0.013630
5300.0	 0.016460	 0.001740	 0.011230
5320.0	 0.002630	-0.004120	 0.019170
5340.0	-0.014640	 0.001330	-0.012100
5360.0	-0.005380	-0.045170	 0.010270
5380.0	 0.033790	-0.011030	 0.013810
5400.0	 0.021970	 0.013220	-0.008640
5420.0	-0.000770	 0.001440	 0.003350
5440.0	 0.015160	-0.009420	-0.022190
5460.0	-0.062880	-0.013100	-0.007620
5480.0	 0.030480	-0.015150	 0.002010
5500.0	-0.041260	 0.026340	 0.010650
5520.0	-0.008440	 0.005700	 0.007800
5540.0	-0.015280	-0.021190	-0.001720
5560.0	-0.021750	 0.008630	 0.008620
5580.0	-0.032720	-0.014770	-0.011990
5600.0	-0.008420	-0.005600	-0.012900
5620.0	 0.002010	 0.030630	 0.003650
5640.0	 0.005880	 0.015380	 0.016430
5660.0	-0.004610	 0.025940	-0.004250
5680.0	-0.004370	 0.009800	-0.009600
5700.0	-0.022370	 0.043940	-0.006270
5720.0	-0.017970	-0.011960	-0.000640
5740.0	 0.004840	-0.038900	 0.007440
5760.0	 0.018920	 0.009620	-0.021220
5780.0	 0.009640	 0.013690	-0.004990
5800.0	-0.019970	-0.012430	-0.003510
5820.0	-0.023920	-0.016130	 0.014570
5840.0	-0.001620	 0.016330	 0.003970
5860.0	-0.002430	-0.008750	-0.004850
5880.0	-0.002800	 0.000680	 0.015390
5900.0	-0.019650	-0.006490	-0.021670
5920.0	 0.003060	-0.015110	 0.005300
5940.0	 0.032830	-0.042840	 0.005560
5960.0	 0.015700	 0.012490	 0.028230
5980.0	 0.002580	 0.016380	 0.011680
6000.0	 0.000450	 0.010640	-0.002180
6020.0	-0.004310	 0.035680	 0.021630
6040.0	 0.024150	-0.006800	 0.043370
6060.0	-0.015590	 0.013520	-0.010950
6080.0	-0.038200	 0.013000	-0.005800
6100.0	-0.001950	 0.010550	-0.007700
6120.0	 0.042110	 0.014870	-0.003560
6140.0	 0.024520	 0.039570	 0.014670
6160.0	 0.031570	-0.049420	 0.010990
6180.0	 0.024560	-0.003490	 0.002600
6200.0	 0.014160	 0.008770	 0.011990
6220.0	-0.020880	 0.014050	-0.016210
6240.0	 0.026450	 0.008300	 0.010910
6260.0	-0.011830	-0.008740	-0.003350
6280.0	-0.013960	 0.013800	-0.007830
6300.0	-0.007010	 0.022580	 0.037890
6320.0	 0.016740	-0.007500	-0.006290
6340.0	 0.022230	 0.020270	 0.016110
6360.0	-0.014380	-0.004580	-0.014380
6380.0	-0.032960	-0.033580	-0.004790
6400.0	-0.018030	 0.018960	-0.036720
6420.0	-0.010440	-0.005090	-0.010630
6440.0	-0.020950	-0.015520	 0.018710
6460.0	 0.016370	-0.030760	-0.013530
6480.0	 0.025470	-0.016270	 0.009660
6500.0	 0.012790	 0.007400	 0.015980
6520.0	-0.017770	 0.025300	 0.022290
6540.0	-0.014250	-0.005770	-0.002830
6560.0	 0.039140	-0.001060	-0.001810
6580.0	 0.027980	 0.009690	-0.025040
6600.0	-0.060570	-0.009160	-0.025900
6620.0	 0.030910	-0.005130	-0.026560
6640.0	-0.015580	 0.025880	-0.023730
6660.0	 0.021110	 0.018040	 0.009090
6680.0	 0.011600	 0.009040	-0.006630
6700.0	-0.032220	-0.028380	-0.027070
6720.0	 0.003470	 0.010720	 0.019810
6740.0	-0.030680	-0.007470	-0.030820
6760.0	 0.030010	-0.011510	-0.014340
6780.0	-0.006380	-0.009470	-0.003910
6800.0	 0.007000	 0.004130	 0.009520
6820.0	 0.034320	-0.003030	-0.023700
6840.0	-0.009480	-0.013170	 0.003120
6860.0	 0.007750	 0.020810	-0.020300
6880.0	-0.017440	 0.001510	 0.023970
6900.0	 0.026460	-0.008920	 0.004980
6920.0	 0.005660	 0.003470	 0.018890
6940.0	 0.005780	 0.006850	-0.004830
6960.0	-0.019510	 0.005160	-0.030210
6980.0	 0.018570	-0.005590	-0.002310
7000.0	-0.030590	 0.000710	 0.006710
7020.0	 0.031420	 0.007550	-0.009000
7040.0	 0.029140	 0.024830	 0.002150
7060.0	-0.025590	-0.009180	-0.023250
7080.0	-0.007430	-0.013410	-0.009070
7100.0	 0.009700	-0.012220	 0.011800
7120.0	-0.013110	-0.013170	-0.009220
7140.0	-0.022290	 0.025950	 0.008140
7160.0	-0.015440	-0.030160	 0.030490
7180.0	 0.002960	-0.012270	 0.008920
7200.0	 0.018480	-0.040450	 0.004590
7220.0	 0.040290	-0.001050	-0.000840
7240.0	 0.019380	 0.008770	-0.037920
7260.0	 0.025500	 0.036550	 0.015330
7280.0	-0.005480	-0.008280	 0.006160
7300.0	 0.020190	 0.002100	-0.017520
7320.0	 0.046850	 0.023320	 0.016710
7340.0	-0.043960	 0.013090	-0.003250
7360.0	 0.077000	 0.024290	-0.053190
7380.0	 0.011070	-0.015470	-0.007450
7400.0	 0.012120	 0.010870	 0.006210
7420.0	-0.021990	 0.004000	-0.004530
7440.0	 0.000250	 0.005460	-0.005730
7460.0	-0.025870	 0.037720	 0.014630
7480.0	-0.005000	-0.010610	-0.011810
7500.0	-0.043250	-0.011380	-0.032400
7520.0	-0.003990	 0.000260	-0.012990
7540.0	-0.014720	-0.012980	-0.004840
7560.0	-0.007450	 0.008000	 0.000410
7580.0	-0.017240	-0.004400	-0.022610
7600.0	 0.000580	-0.003230	-0.020180
7620.0	-0.010160	-0.019340	 0.008440
7640.0	-0.041550	 0.038940	-0.002790
7660.0	-0.022350	-0.012760	 0.013390
7680.0	-0.038770	-0.009970	-0.002600
7700.0	-0.001050	 0.002560	 0.014230
7720.0	 0.018860	-0.005060	 0.002020
7740.0	 0.015830	 0.011960	-0.004530
7760.0	-0.003160	-0.020990	-0.008670
7780.0	 0.019910	-0.007480	 0.008040
7800.0	-0.028800	 0.004020	-0.024480
7820.0	-0.010490	 0.008370	 0.011340
7840.0	 0.017320	-0.006680	-0.000700
7860.0	 0.005730	 0.002930	-0.003680
7880.0	 0.009100	-0.008340	-0.015800
7900.0	 0.008540	-0.023260	 0.026580
7920.0	 0.007810	-0.004220	 0.004070
7940.0	 0.015010	 0.044400	-0.004180
7960.0	 0.017970	 0.002870	-0.000580
7980.0	 0.037890	 0.010990	-0.010270
8000.0	-0.042830	 0.019500	 0.037130
8020.0	 0.001250	-0.003420	 0.021700
8040.0	 0.007260	 0.010520	 0.017340
8060.0	-0.005510	-0.005810	-0.001410
8080.0	-0.049750	 0.023490	 0.018060
8100.0	-0.002270	 0.024790	 0.004340
8120.0	-0.012230	 0.004770	 0.007340
8140.0	-0.014380	 0.015210	-0.010660
8160.0	-0.041240	 0.018200	 0.001800
8180.0	-0.020850	-0.014430	 0.004070
8200.0	-0.023120	 0.004920	-0.013170
8220.0	-0.040880	 0.003070	-0.012760
8240.0	-0.005890	 0.009430	-0.007130
8260.0	 0.005890	 0.001810	 0.002850
8280.0	-0.007470	-0.034130	 0.020310
8300.0	 0.043210	 0.002200	-0.012020
8320.0	-0.001430	 0.014680	-0.012020
8340.0	 0.010390	-0.008150	 0.028740
8360.0	 0.013070	-0.008770	 0.016740
8380.0	 0.014790	-0.030250	-0.007650
8400.0	-0.011500	 0.005410	 0.041180
8420.0	-0.014740	 0.019080	 0.005160
8440.0	 0.015770	-0.005940	-0.015700
8460.0	-0.009270	-0.041760	 0.012710
8480.0	-0.000610	-0.003420	 0.013820
8500.0	-0.022290	 0.021410	-0.010450
8520.0	 0.010110	 0.005480	-0.007200
8540.0	-0.006080	 0.008630	-0.009990
8560.0	 0.019720	 0.012430	 0.024360
8580.0	 0.033310	 0.011840	 0.009050
8600.0	 0.041330	-0.010660	-0.024650
8620.0	 0.039970	-0.011100	-0.006310
8640.0	 0.015030	-0.007360	-0.017420
8660.0	-0.016640	 0.011880	-0.009870
8680.0	 0.008180	 0.003250	-0.009590
8700.0	-0.006320	 0.014020	 0.007760
8720.0	-0.001850	-0.042810	 0.046620
8740.0	-0.050090	-0.013890	-0.005140
8760.0	 0.046480	-0.002920	 0.011440
8780.0	-0.024370	 0.028480	-0.001870
8800.0	 0.014160	 0.014710	-0.003830
8820.0	 0.007820	-0.020890	 0.011500
8840.0	-0.018430	 0.004090	 0.002920
8860.0	 0.020310	 0.003730	 0.012580
8880.0	-0.063070	 0.017020	 0.004110
8900.0	-0.048920	 0.000370	 0.005990
8920.0	-0.044360	-0.011350	 0.005420
8940.0	-0.011920	 0.002230	 0.021820
8960.0	 0.004330	 0.012120	 0.008480
8980.0	 0.007280	 0.009770	 0.008770
9000.0	 0.008720	 0.036000	 0.000340
9020.0	 0.008850	 0.019380	-0.015570
9040.0	-0.013970	-0.012930	 0.019100
9060.0	 0.041990	-0.061020	 0.025730
9080.0	-0.005490	-0.033110	 0.019720
9100.0	-0.003660	-0.017400	 0.004500
9120.0	 0.019170	-0.008660	 0.004360
9140.0	-0.019690	-0.007830	 0.010150
9160.0	-0.032850	 0.015300	-0.014120
9180.0	-0.020780	 0.008660	-0.002080
9200.0	-0.006310	 0.011780	 0.001770
9220.0	 0.041350	 0.022590	 0.009050
9240.0	 0.006840	 0.018370	 0.002330
9260.0	-0.033680	-0.022820	-0.005510
9280.0	-0.017420	 0.013900	 0.001960
9300.0	 0.029670	 0.014860	-0.001870
9320.0	-0.022770	 0.007490	-0.000970
9340.0	 0.011750	-0.003150	-0.016370
9360.0	-0.034180	 0.032570	 0.002170
9380.0	-0.025720	-0.006480	-0.000110
9400.0	-0.002580	-0.016380	 0.016070
9420.0	 0.013550	-0.006570	-0.001230
9440.0	-0.037150	-0.008000	-0.027650
9460.0	-0.033220	-0.000100	 0.012800
9480.0	 0.005220	 0.009000	-0.013860
9500.0	 0.044670	 0.023450	 0.027220
9520.0	-0.024680	 0.028860	 0.009030
9540.0	-0.007980	-0.003710	 0.007140
9560.0	 0.056590	-0.003760	-0.001960
9580.0	 0.009190	 0.031890	-0.024240
9600.0	-0.000990	 0.019500	 0.009080
9620.0	-0.038250	-0.002360	-0.007960
9640.0	-0.029470	 0.005790	-0.014190
9660.0	 0.005060	 0.013490	-0.008560
9680.0	-0.018930	-0.008710	 0.002130
9700.0	 0.025260	-0.066410	 0.038880
9720.0	-0.009580	-0.015090	-0.004890
9740.0	-0.002870	-0.017550	 0.001610
9760.0	-0.035980	 0.010530	 0.028490
9780.0	-0.027900	-0.002150	-0.016550
9800.0	-0.005200	 0.013720	 0.015480
9820.0	-0.040910	-0.010250	-0.012340
9840.0	 0.024830	 0.018190	 0.015570
9860.0	 0.009980	 0.013540	-0.001100
9880.0	-0.043470	-0.017670	-0.009370
9900.0	 0.023770	-0.000500	-0.011240
9920.0	 0.022000	 0.012790	-0.015630
9940.0	-0.021930	 0.009760	 0.007310
9960.0	-0.044460	-0.006630	-0.009870
9980.0	-0.042110	 0.013880	-0.024540
10000.0	-0.027840	 0.010210	 0.016340
