    0.0000   -0.01773
   20.0000    0.02839
   40.0000    0.01687
   60.0000    0.02492
   80.0000    0.00726
  100.0000   -0.00035
  120.0000    0.00782
  140.0000   -0.02115
  160.0000   -0.03573
  180.0000    0.01345
  200.0000    0.00863
  220.0000    0.01370
  240.0000    0.00885
  260.0000   -0.01412
  280.0000    0.00287
  300.0000   -0.00709
  320.0000   -0.00210
  340.0000   -0.00006
  360.0000    0.02025
  380.0000   -0.03583
  400.0000   -0.03101
  420.0000   -0.00799
  440.0000   -0.02987
  460.0000    0.00973
  480.0000   -0.00941
  500.0000   -0.00311
  520.0000   -0.02594
  540.0000    0.00794
  560.0000    0.00661
  580.0000   -0.02673
  600.0000   -0.01341
  620.0000    0.02524
  640.0000   -0.01176
  660.0000    0.00110
  680.0000   -0.00145
  700.0000    0.00164
  720.0000    0.02274
  740.0000   -0.03794
  760.0000   -0.02278
  780.0000    0.00493
  800.0000    0.00052
  820.0000    0.01411
  840.0000    0.02869
  860.0000   -0.00853
  880.0000   -0.04200
  900.0000    0.01155
  920.0000    0.02618
  940.0000   -0.02372
  960.0000    0.00336
  980.0000    0.01785
 1000.0000   -0.01735
 1020.0000    0.00528
 1040.0000   -0.00946
 1060.0000    0.01898
 1080.0000    0.04092
 1100.0000    0.02859
 1120.0000    0.03342
 1140.0000    0.00628
 1160.0000    0.00334
 1180.0000   -0.01009
 1200.0000   -0.00706
 1220.0000   -0.01291
 1240.0000    0.00145
 1260.0000    0.02050
 1280.0000   -0.01885
 1300.0000    0.00164
 1320.0000   -0.00091
 1340.0000   -0.00029
 1360.0000    0.00823
 1380.0000   -0.00874
 1400.0000    0.02299
 1420.0000   -0.01849
 1440.0000    0.00816
 1460.0000    0.00081
 1480.0000    0.01348
 1500.0000   -0.00056
 1520.0000   -0.00837
 1540.0000   -0.02186
 1560.0000   -0.02879
 1580.0000    0.00526
 1600.0000   -0.01427
 1620.0000   -0.00512
 1640.0000    0.00775
 1660.0000    0.00855
 1680.0000    0.02402
 1700.0000   -0.02345
 1720.0000   -0.00354
 1740.0000    0.02900
 1760.0000   -0.01966
 1780.0000    0.00195
 1800.0000   -0.02465
 1820.0000    0.00511
 1840.0000    0.03439
 1860.0000   -0.05229
 1880.0000   -0.01977
 1900.0000   -0.02210
 1920.0000    0.02843
 1940.0000   -0.03591
 1960.0000    0.00546
 1980.0000   -0.00664
 2000.0000    0.02516
 2020.0000    0.00164
 2040.0000    0.00514
 2060.0000    0.00160
 2080.0000   -0.00469
 2100.0000    0.01252
 2120.0000   -0.04389
 2140.0000   -0.02307
 2160.0000    0.01207
 2180.0000   -0.00852
 2200.0000    0.00583
 2220.0000   -0.02092
 2240.0000   -0.00564
 2260.0000    0.00358
 2280.0000   -0.01633
 2300.0000   -0.00659
 2320.0000   -0.01363
 2340.0000    0.01702
 2360.0000    0.01604
 2380.0000    0.00378
 2400.0000   -0.00676
 2420.0000   -0.02246
 2440.0000    0.01237
 2460.0000    0.01915
 2480.0000    0.00980
 2500.0000   -0.02569
 2520.0000   -0.01071
 2540.0000    0.01350
 2560.0000    0.02734
 2580.0000    0.00870
 2600.0000   -0.03114
 2620.0000   -0.03173
 2640.0000   -0.02926
 2660.0000    0.01667
 2680.0000   -0.01051
 2700.0000    0.03071
 2720.0000   -0.00849
 2740.0000    0.03201
 2760.0000   -0.01739
 2780.0000   -0.03680
 2800.0000   -0.01015
 2820.0000    0.00324
 2840.0000    0.00541
 2860.0000    0.00556
 2880.0000    0.01925
 2900.0000    0.02343
 2920.0000    0.00239
 2940.0000   -0.02602
 2960.0000   -0.02235
 2980.0000   -0.02793
 3000.0000   -0.01847
 3020.0000   -0.01522
 3040.0000   -0.00879
 3060.0000   -0.02840
 3080.0000    0.00770
 3100.0000    0.01397
 3120.0000    0.00487
 3140.0000    0.00288
 3160.0000   -0.00347
 3180.0000   -0.01707
 3200.0000   -0.01257
 3220.0000    0.01807
 3240.0000   -0.00006
 3260.0000    0.02087
 3280.0000    0.01579
 3300.0000   -0.01026
 3320.0000    0.01363
 3340.0000   -0.03257
 3360.0000   -0.00261
 3380.0000   -0.00618
 3400.0000   -0.01213
 3420.0000    0.00886
 3440.0000   -0.04041
 3460.0000   -0.00056
 3480.0000    0.01232
 3500.0000    0.01934
 3520.0000   -0.00425
 3540.0000   -0.02342
 3560.0000    0.01554
 3580.0000    0.01407
 3600.0000    0.00506
 3620.0000   -0.00127
 3640.0000   -0.01344
 3660.0000   -0.00331
 3680.0000    0.00745
 3700.0000    0.02180
 3720.0000   -0.01189
 3740.0000    0.02247
 3760.0000    0.01305
 3780.0000    0.01732
 3800.0000   -0.00870
 3820.0000    0.01739
 3840.0000   -0.00759
 3860.0000    0.01824
 3880.0000    0.01131
 3900.0000   -0.01766
 3920.0000    0.02391
 3940.0000   -0.03725
 3960.0000   -0.04049
 3980.0000    0.00765
 4000.0000    0.00901
 4020.0000   -0.01366
 4040.0000    0.01123
 4060.0000   -0.02246
 4080.0000   -0.01437
 4100.0000    0.00689
 4120.0000    0.00877
 4140.0000   -0.00985
 4160.0000   -0.00510
 4180.0000    0.02693
 4200.0000   -0.00583
 4220.0000   -0.00441
 4240.0000    0.00764
 4260.0000   -0.03755
 4280.0000   -0.01233
 4300.0000    0.00212
 4320.0000    0.00153
 4340.0000    0.01273
 4360.0000    0.01112
 4380.0000    0.03570
 4400.0000   -0.03488
 4420.0000    0.00311
 4440.0000    0.04137
 4460.0000    0.02988
 4480.0000   -0.01550
 4500.0000    0.04496
 4520.0000    0.01386
 4540.0000   -0.01041
 4560.0000   -0.00652
 4580.0000   -0.01642
 4600.0000    0.01825
 4620.0000   -0.00746
 4640.0000   -0.00779
 4660.0000    0.02980
 4680.0000   -0.03111
 4700.0000    0.00976
 4720.0000    0.01784
 4740.0000    0.00704
 4760.0000    0.02445
 4780.0000    0.00543
 4800.0000    0.00976
 4820.0000   -0.03314
 4840.0000   -0.00923
 4860.0000   -0.00303
 4880.0000   -0.01079
 4900.0000   -0.02435
 4920.0000   -0.01832
 4940.0000    0.00934
 4960.0000    0.01552
 4980.0000    0.01214
 5000.0000    0.02574
 5020.0000    0.01095
 5040.0000   -0.00631
 5060.0000   -0.01532
 5080.0000    0.00824
 5100.0000   -0.00914
 5120.0000    0.00693
 5140.0000    0.01691
 5160.0000   -0.00876
 5180.0000    0.01586
 5200.0000   -0.01936
 5220.0000    0.00742
 5240.0000   -0.02373
 5260.0000   -0.02313
 5280.0000   -0.03016
 5300.0000    0.00174
 5320.0000   -0.00412
 5340.0000    0.00133
 5360.0000   -0.04517
 5380.0000   -0.01103
 5400.0000    0.01322
 5420.0000    0.00144
 5440.0000   -0.00942
 5460.0000   -0.01310
 5480.0000   -0.01515
 5500.0000    0.02634
 5520.0000    0.00570
 5540.0000   -0.02119
 5560.0000    0.00863
 5580.0000   -0.01477
 5600.0000   -0.00560
 5620.0000    0.03063
 5640.0000    0.01538
 5660.0000    0.02594
 5680.0000    0.00980
 5700.0000    0.04394
 5720.0000   -0.01196
 5740.0000   -0.03890
 5760.0000    0.00962
 5780.0000    0.01369
 5800.0000   -0.01243
 5820.0000   -0.01613
 5840.0000    0.01633
 5860.0000   -0.00875
 5880.0000    0.00068
 5900.0000   -0.00649
 5920.0000   -0.01511
 5940.0000   -0.04284
 5960.0000    0.01249
 5980.0000    0.01638
 6000.0000    0.01064
 6020.0000    0.03568
 6040.0000   -0.00680
 6060.0000    0.01352
 6080.0000    0.01300
 6100.0000    0.01055
 6120.0000    0.01487
 6140.0000    0.03957
 6160.0000   -0.04942
 6180.0000   -0.00349
 6200.0000    0.00877
 6220.0000    0.01405
 6240.0000    0.00830
 6260.0000   -0.00874
 6280.0000    0.01380
 6300.0000    0.02258
 6320.0000   -0.00750
 6340.0000    0.02027
 6360.0000   -0.00458
 6380.0000   -0.03358
 6400.0000    0.01896
 6420.0000   -0.00509
 6440.0000   -0.01552
 6460.0000   -0.03076
 6480.0000   -0.01627
 6500.0000    0.00740
 6520.0000    0.02530
 6540.0000   -0.00577
 6560.0000   -0.00106
 6580.0000    0.00969
 6600.0000   -0.00916
 6620.0000   -0.00513
 6640.0000    0.02588
 6660.0000    0.01804
 6680.0000    0.00904
 6700.0000   -0.02838
 6720.0000    0.01072
 6740.0000   -0.00747
 6760.0000   -0.01151
 6780.0000   -0.00947
 6800.0000    0.00413
 6820.0000   -0.00303
 6840.0000   -0.01317
 6860.0000    0.02081
 6880.0000    0.00151
 6900.0000   -0.00892
 6920.0000    0.00347
 6940.0000    0.00685
 6960.0000    0.00516
 6980.0000   -0.00559
 7000.0000    0.00071
 7020.0000    0.00755
 7040.0000    0.02483
 7060.0000   -0.00918
 7080.0000   -0.01341
 7100.0000   -0.01222
 7120.0000   -0.01317
 7140.0000    0.02595
 7160.0000   -0.03016
 7180.0000   -0.01227
 7200.0000   -0.04045
 7220.0000   -0.00105
 7240.0000    0.00877
 7260.0000    0.03655
 7280.0000   -0.00828
 7300.0000    0.00210
 7320.0000    0.02332
 7340.0000    0.01309
 7360.0000    0.02429
 7380.0000   -0.01547
 7400.0000    0.01087
 7420.0000    0.00400
 7440.0000    0.00546
 7460.0000    0.03772
 7480.0000   -0.01061
 7500.0000   -0.01138
 7520.0000    0.00026
 7540.0000   -0.01298
 7560.0000    0.00800
 7580.0000   -0.00440
 7600.0000   -0.00323
 7620.0000   -0.01934
 7640.0000    0.03894
 7660.0000   -0.01276
 7680.0000   -0.00997
 7700.0000    0.00256
 7720.0000   -0.00506
 7740.0000    0.01196
 7760.0000   -0.02099
 7780.0000   -0.00748
 7800.0000    0.00402
 7820.0000    0.00837
 7840.0000   -0.00668
 7860.0000    0.00293
 7880.0000   -0.00834
 7900.0000   -0.02326
 7920.0000   -0.00422
 7940.0000    0.04440
 7960.0000    0.00287
 7980.0000    0.01099
 8000.0000    0.01950
 8020.0000   -0.00342
 8040.0000    0.01052
 8060.0000   -0.00581
 8080.0000    0.02349
 8100.0000    0.02479
 8120.0000    0.00477
 8140.0000    0.01521
 8160.0000    0.01820
 8180.0000   -0.01443
 8200.0000    0.00492
 8220.0000    0.00307
 8240.0000    0.00943
 8260.0000    0.00181
 8280.0000   -0.03413
 8300.0000    0.00220
 8320.0000    0.01468
 8340.0000   -0.00815
 8360.0000   -0.00877
 8380.0000   -0.03025
 8400.0000    0.00541
 8420.0000    0.01908
 8440.0000   -0.00594
 8460.0000   -0.04176
 8480.0000   -0.00342
 8500.0000    0.02141
 8520.0000    0.00548
 8540.0000    0.00863
 8560.0000    0.01243
 8580.0000    0.01184
 8600.0000   -0.01066
 8620.0000   -0.01110
 8640.0000   -0.00736
 8660.0000    0.01188
 8680.0000    0.00325
 8700.0000    0.01402
 8720.0000   -0.04281
 8740.0000   -0.01389
 8760.0000   -0.00292
 8780.0000    0.02848
 8800.0000    0.01471
 8820.0000   -0.02089
 8840.0000    0.00409
 8860.0000    0.00373
 8880.0000    0.01702
 8900.0000    0.00037
 8920.0000   -0.01135
 8940.0000    0.00223
 8960.0000    0.01212
 8980.0000    0.00977
 9000.0000    0.03600
 9020.0000    0.01938
 9040.0000   -0.01293
 9060.0000   -0.06102
 9080.0000   -0.03311
 9100.0000   -0.01740
 9120.0000   -0.00866
 9140.0000   -0.00783
 9160.0000    0.01530
 9180.0000    0.00866
 9200.0000    0.01178
 9220.0000    0.02259
 9240.0000    0.01837
 9260.0000   -0.02282
 9280.0000    0.01390
 9300.0000    0.01486
 9320.0000    0.00749
 9340.0000   -0.00315
 9360.0000    0.03257
 9380.0000   -0.00648
 9400.0000   -0.01638
 9420.0000   -0.00657
 9440.0000   -0.00800
 9460.0000   -0.00010
 9480.0000    0.00900
 9500.0000    0.02345
 9520.0000    0.02886
 9540.0000   -0.00371
 9560.0000   -0.00376
 9580.0000    0.03189
 9600.0000    0.01950
 9620.0000   -0.00236
 9640.0000    0.00579
 9660.0000    0.01349
 9680.0000   -0.00871
 9700.0000   -0.06641
 9720.0000   -0.01509
 9740.0000   -0.01755
 9760.0000    0.01053
 9780.0000   -0.00215
 9800.0000    0.01372
 9820.0000   -0.01025
 9840.0000    0.01819
 9860.0000    0.01354
 9880.0000   -0.01767
 9900.0000   -0.00050
 9920.0000    0.01279
 9940.0000    0.00976
 9960.0000   -0.00663
 9980.0000    0.01388
10000.0000    0.01021
