    0.0000    0.00601
   20.0000   -0.03435
   40.0000    0.01645
   60.0000    0.00286
   80.0000   -0.04220
  100.0000    0.02124
  120.0000    0.04509
  140.0000    0.04440
  160.0000    0.00631
  180.0000   -0.00895
  200.0000    0.00868
  220.0000    0.02301
  240.0000    0.00572
  260.0000    0.01586
  280.0000    0.03163
  300.0000    0.00107
  320.0000   -0.01560
  340.0000    0.01700
  360.0000    0.01406
  380.0000   -0.04366
  400.0000   -0.01571
  420.0000   -0.04603
  440.0000    0.03901
  460.0000    0.00320
  480.0000   -0.01749
  500.0000    0.04181
  520.0000    0.04093
  540.0000    0.03005
  560.0000    0.03200
  580.0000   -0.02313
  600.0000   -0.00317
  620.0000   -0.01847
  640.0000   -0.00942
  660.0000    0.02719
  680.0000   -0.01172
  700.0000   -0.04040
  720.0000   -0.01280
  740.0000    0.01116
  760.0000   -0.01726
  780.0000    0.01988
  800.0000    0.01766
  820.0000    0.01635
  840.0000    0.00702
  860.0000   -0.01567
  880.0000   -0.00816
  900.0000    0.05609
  920.0000    0.02691
  940.0000    0.02026
  960.0000    0.00589
  980.0000   -0.02817
 1000.0000   -0.01276
 1020.0000    0.03045
 1040.0000   -0.01769
 1060.0000   -0.02737
 1080.0000   -0.01277
 1100.0000    0.01194
 1120.0000    0.04199
 1140.0000    0.00333
 1160.0000   -0.00550
 1180.0000   -0.02417
 1200.0000    0.02170
 1220.0000   -0.03212
 1240.0000   -0.06183
 1260.0000   -0.03444
 1280.0000   -0.04096
 1300.0000   -0.01626
 1320.0000   -0.00925
 1340.0000    0.01791
 1360.0000    0.03368
 1380.0000   -0.02996
 1400.0000   -0.05275
 1420.0000    0.00776
 1440.0000    0.03529
 1460.0000    0.01676
 1480.0000    0.01073
 1500.0000   -0.02657
 1520.0000   -0.00720
 1540.0000    0.03068
 1560.0000    0.00618
 1580.0000    0.00653
 1600.0000    0.01121
 1620.0000   -0.02450
 1640.0000   -0.00132
 1660.0000    0.01352
 1680.0000   -0.02098
 1700.0000    0.01045
 1720.0000   -0.00904
 1740.0000   -0.00283
 1760.0000   -0.00790
 1780.0000   -0.01988
 1800.0000   -0.00541
 1820.0000   -0.00911
 1840.0000    0.00057
 1860.0000   -0.00479
 1880.0000   -0.03278
 1900.0000    0.02701
 1920.0000    0.00710
 1940.0000    0.05657
 1960.0000    0.01406
 1980.0000   -0.02767
 2000.0000   -0.00996
 2020.0000   -0.01331
 2040.0000    0.00244
 2060.0000    0.01415
 2080.0000    0.02460
 2100.0000    0.03170
 2120.0000   -0.03473
 2140.0000   -0.05804
 2160.0000   -0.00696
 2180.0000    0.00925
 2200.0000   -0.00448
 2220.0000    0.00138
 2240.0000    0.00396
 2260.0000    0.02390
 2280.0000   -0.00258
 2300.0000   -0.02212
 2320.0000    0.00125
 2340.0000    0.00769
 2360.0000    0.04284
 2380.0000   -0.01301
 2400.0000    0.01273
 2420.0000   -0.03301
 2440.0000   -0.00293
 2460.0000    0.03187
 2480.0000   -0.01878
 2500.0000   -0.01703
 2520.0000    0.02871
 2540.0000    0.01950
 2560.0000    0.03302
 2580.0000   -0.00208
 2600.0000   -0.01543
 2620.0000    0.01726
 2640.0000    0.02325
 2660.0000    0.01750
 2680.0000    0.02626
 2700.0000   -0.03913
 2720.0000    0.02507
 2740.0000    0.00993
 2760.0000   -0.02212
 2780.0000   -0.01148
 2800.0000   -0.01380
 2820.0000    0.01435
 2840.0000    0.01465
 2860.0000   -0.00205
 2880.0000    0.00116
 2900.0000   -0.03755
 2920.0000   -0.02524
 2940.0000   -0.00918
 2960.0000   -0.01864
 2980.0000    0.02739
 3000.0000    0.00994
 3020.0000   -0.03673
 3040.0000    0.00990
 3060.0000   -0.05209
 3080.0000   -0.04285
 3100.0000    0.04749
 3120.0000   -0.05151
 3140.0000   -0.01704
 3160.0000    0.03039
 3180.0000    0.00953
 3200.0000   -0.00983
 3220.0000    0.00767
 3240.0000   -0.03293
 3260.0000    0.00374
 3280.0000    0.02871
 3300.0000   -0.05190
 3320.0000    0.03607
 3340.0000    0.03065
 3360.0000   -0.01566
 3380.0000   -0.03071
 3400.0000   -0.00163
 3420.0000   -0.03539
 3440.0000    0.02363
 3460.0000   -0.00961
 3480.0000   -0.00581
 3500.0000    0.00085
 3520.0000    0.03466
 3540.0000    0.07108
 3560.0000   -0.03470
 3580.0000    0.00981
 3600.0000   -0.00988
 3620.0000    0.00369
 3640.0000   -0.01034
 3660.0000    0.03547
 3680.0000   -0.00821
 3700.0000    0.01187
 3720.0000    0.02876
 3740.0000    0.00517
 3760.0000    0.04620
 3780.0000    0.00770
 3800.0000    0.00553
 3820.0000    0.02317
 3840.0000    0.02321
 3860.0000   -0.02388
 3880.0000   -0.00116
 3900.0000    0.02148
 3920.0000   -0.05324
 3940.0000    0.01989
 3960.0000   -0.03990
 3980.0000    0.04693
 4000.0000   -0.01245
 4020.0000    0.00385
 4040.0000   -0.00200
 4060.0000    0.00022
 4080.0000   -0.03567
 4100.0000   -0.03827
 4120.0000   -0.03350
 4140.0000    0.01182
 4160.0000   -0.01584
 4180.0000    0.01693
 4200.0000   -0.01546
 4220.0000    0.03367
 4240.0000    0.00504
 4260.0000    0.07977
 4280.0000    0.01763
 4300.0000    0.05584
 4320.0000   -0.06033
 4340.0000    0.00695
 4360.0000    0.11230
 4380.0000    0.01091
 4400.0000   -0.01662
 4420.0000    0.02410
 4440.0000    0.00793
 4460.0000   -0.02662
 4480.0000    0.01345
 4500.0000   -0.00298
 4520.0000    0.00246
 4540.0000    0.00845
 4560.0000    0.05400
 4580.0000   -0.03814
 4600.0000    0.00114
 4620.0000   -0.03710
 4640.0000   -0.00845
 4660.0000    0.00634
 4680.0000   -0.01239
 4700.0000    0.01361
 4720.0000    0.05279
 4740.0000   -0.00350
 4760.0000    0.03681
 4780.0000    0.02539
 4800.0000    0.03704
 4820.0000    0.02729
 4840.0000   -0.01071
 4860.0000   -0.04396
 4880.0000    0.02145
 4900.0000   -0.01480
 4920.0000    0.02913
 4940.0000   -0.02044
 4960.0000   -0.04620
 4980.0000   -0.00159
 5000.0000    0.02711
 5020.0000    0.01151
 5040.0000    0.00640
 5060.0000   -0.01887
 5080.0000    0.03178
 5100.0000   -0.01341
 5120.0000    0.02306
 5140.0000   -0.00541
 5160.0000    0.03466
 5180.0000   -0.00246
 5200.0000   -0.03814
 5220.0000    0.00488
 5240.0000    0.02196
 5260.0000   -0.00033
 5280.0000    0.02890
 5300.0000    0.01646
 5320.0000    0.00263
 5340.0000   -0.01464
 5360.0000   -0.00538
 5380.0000    0.03379
 5400.0000    0.02197
 5420.0000   -0.00077
 5440.0000    0.01516
 5460.0000   -0.06288
 5480.0000    0.03048
 5500.0000   -0.04126
 5520.0000   -0.00844
 5540.0000   -0.01528
 5560.0000   -0.02175
 5580.0000   -0.03272
 5600.0000   -0.00842
 5620.0000    0.00201
 5640.0000    0.00588
 5660.0000   -0.00461
 5680.0000   -0.00437
 5700.0000   -0.02237
 5720.0000   -0.01797
 5740.0000    0.00484
 5760.0000    0.01892
 5780.0000    0.00964
 5800.0000   -0.01997
 5820.0000   -0.02392
 5840.0000   -0.00162
 5860.0000   -0.00243
 5880.0000   -0.00280
 5900.0000   -0.01965
 5920.0000    0.00306
 5940.0000    0.03283
 5960.0000    0.01570
 5980.0000    0.00258
 6000.0000    0.00045
 6020.0000   -0.00431
 6040.0000    0.02415
 6060.0000   -0.01559
 6080.0000   -0.03820
 6100.0000   -0.00195
 6120.0000    0.04211
 6140.0000    0.02452
 6160.0000    0.03157
 6180.0000    0.02456
 6200.0000    0.01416
 6220.0000   -0.02088
 6240.0000    0.02645
 6260.0000   -0.01183
 6280.0000   -0.01396
 6300.0000   -0.00701
 6320.0000    0.01674
 6340.0000    0.02223
 6360.0000   -0.01438
 6380.0000   -0.03296
 6400.0000   -0.01803
 6420.0000   -0.01044
 6440.0000   -0.02095
 6460.0000    0.01637
 6480.0000    0.02547
 6500.0000    0.01279
 6520.0000   -0.01777
 6540.0000   -0.01425
 6560.0000    0.03914
 6580.0000    0.02798
 6600.0000   -0.06057
 6620.0000    0.03091
 6640.0000   -0.01558
 6660.0000    0.02111
 6680.0000    0.01160
 6700.0000   -0.03222
 6720.0000    0.00347
 6740.0000   -0.03068
 6760.0000    0.03001
 6780.0000   -0.00638
 6800.0000    0.00700
 6820.0000    0.03432
 6840.0000   -0.00948
 6860.0000    0.00775
 6880.0000   -0.01744
 6900.0000    0.02646
 6920.0000    0.00566
 6940.0000    0.00578
 6960.0000   -0.01951
 6980.0000    0.01857
 7000.0000   -0.03059
 7020.0000    0.03142
 7040.0000    0.02914
 7060.0000   -0.02559
 7080.0000   -0.00743
 7100.0000    0.00970
 7120.0000   -0.01311
 7140.0000   -0.02229
 7160.0000   -0.01544
 7180.0000    0.00296
 7200.0000    0.01848
 7220.0000    0.04029
 7240.0000    0.01938
 7260.0000    0.02550
 7280.0000   -0.00548
 7300.0000    0.02019
 7320.0000    0.04685
 7340.0000   -0.04396
 7360.0000    0.07700
 7380.0000    0.01107
 7400.0000    0.01212
 7420.0000   -0.02199
 7440.0000    0.00025
 7460.0000   -0.02587
 7480.0000   -0.00500
 7500.0000   -0.04325
 7520.0000   -0.00399
 7540.0000   -0.01472
 7560.0000   -0.00745
 7580.0000   -0.01724
 7600.0000    0.00058
 7620.0000   -0.01016
 7640.0000   -0.04155
 7660.0000   -0.02235
 7680.0000   -0.03877
 7700.0000   -0.00105
 7720.0000    0.01886
 7740.0000    0.01583
 7760.0000   -0.00316
 7780.0000    0.01991
 7800.0000   -0.02880
 7820.0000   -0.01049
 7840.0000    0.01732
 7860.0000    0.00573
 7880.0000    0.00910
 7900.0000    0.00854
 7920.0000    0.00781
 7940.0000    0.01501
 7960.0000    0.01797
 7980.0000    0.03789
 8000.0000   -0.04283
 8020.0000    0.00125
 8040.0000    0.00726
 8060.0000   -0.00551
 8080.0000   -0.04975
 8100.0000   -0.00227
 8120.0000   -0.01223
 8140.0000   -0.01438
 8160.0000   -0.04124
 8180.0000   -0.02085
 8200.0000   -0.02312
 8220.0000   -0.04088
 8240.0000   -0.00589
 8260.0000    0.00589
 8280.0000   -0.00747
 8300.0000    0.04321
 8320.0000   -0.00143
 8340.0000    0.01039
 8360.0000    0.01307
 8380.0000    0.01479
 8400.0000   -0.01150
 8420.0000   -0.01474
 8440.0000    0.01577
 8460.0000   -0.00927
 8480.0000   -0.00061
 8500.0000   -0.02229
 8520.0000    0.01011
 8540.0000   -0.00608
 8560.0000    0.01972
 8580.0000    0.03331
 8600.0000    0.04133
 8620.0000    0.03997
 8640.0000    0.01503
 8660.0000   -0.01664
 8680.0000    0.00818
 8700.0000   -0.00632
 8720.0000   -0.00185
 8740.0000   -0.05009
 8760.0000    0.04648
 8780.0000   -0.02437
 8800.0000    0.01416
 8820.0000    0.00782
 8840.0000   -0.01843
 8860.0000    0.02031
 8880.0000   -0.06307
 8900.0000   -0.04892
 8920.0000   -0.04436
 8940.0000   -0.01192
 8960.0000    0.00433
 8980.0000    0.00728
 9000.0000    0.00872
 9020.0000    0.00885
 9040.0000   -0.01397
 9060.0000    0.04199
 9080.0000   -0.00549
 9100.0000   -0.00366
 9120.0000    0.01917
 9140.0000   -0.01969
 9160.0000   -0.03285
 9180.0000   -0.02078
 9200.0000   -0.00631
 9220.0000    0.04135
 9240.0000    0.00684
 9260.0000   -0.03368
 9280.0000   -0.01742
 9300.0000    0.02967
 9320.0000   -0.02277
 9340.0000    0.01175
 9360.0000   -0.03418
 9380.0000   -0.02572
 9400.0000   -0.00258
 9420.0000    0.01355
 9440.0000   -0.03715
 9460.0000   -0.03322
 9480.0000    0.00522
 9500.0000    0.04467
 9520.0000   -0.02468
 9540.0000   -0.00798
 9560.0000    0.05659
 9580.0000    0.00919
 9600.0000   -0.00099
 9620.0000   -0.03825
 9640.0000   -0.02947
 9660.0000    0.00506
 9680.0000   -0.01893
 9700.0000    0.02526
 9720.0000   -0.00958
 9740.0000   -0.00287
 9760.0000   -0.03598
 9780.0000   -0.02790
 9800.0000   -0.00520
 9820.0000   -0.04091
 9840.0000    0.02483
 9860.0000    0.00998
 9880.0000   -0.04347
 9900.0000    0.02377
 9920.0000    0.02200
 9940.0000   -0.02193
 9960.0000   -0.04446
 9980.0000   -0.04211
10000.0000   -0.02784
