5.03035e-05 1.14147e-05 7.69495e-06
1.09578e-05 1.24516e-05 8.28856e-07
-1.70772e-06 9.37174e-06 -3.83087e-06
-6.19629e-06 -6.77147e-06 7.75628e-06
-3.24851e-05 -3.37411e-05 8.33308e-06
5.55922e-06 1.00192e-05 2.08771e-05
4.48373e-06 7.99081e-06 5.0945e-07
8.02e-07 4.42214e-06 1.1671e-06
-3.21053e-06 -1.90605e-06 -1.29108e-05
-1.4972e-05 -2.68067e-05 -1.15202e-05
-1.35349e-05 1.35552e-05 -1.89051e-05
1.14147e-05 9.10345e-05 6.48467e-05
1.88424e-05 1.25912e-05 -4.92877e-06
7.67644e-05 2.42299e-05 -7.53545e-05
-2.58961e-06 -7.81903e-06 1.03738e-05
-3.44263e-05 -3.41734e-05 6.83157e-06
9.39727e-06 -1.8654e-07 3.22724e-05
7.86681e-06 9.73248e-06 9.51505e-06
5.28401e-05 -5.35344e-06 3.49952e-05
-3.73093e-05 -2.25012e-05 -1.83124e-05
-3.41795e-05 -7.45065e-05 -1.57753e-05
-6.86214e-05 6.95134e-06 -4.44627e-05
7.69495e-06 6.48467e-05 9.7647e-05
3.7189e-07 -7.07749e-06 2.80932e-06
6.90184e-05 1.55825e-05 -8.19624e-05
-1.03931e-05 -8.87618e-06 7.62381e-06
-2.86574e-05 -1.59104e-05 2.91679e-06
2.64048e-06 1.02448e-05 2.13523e-05
-1.98664e-06 9.98306e-06 3.18766e-06
2.82957e-05 -4.30293e-06 3.6132e-05
-2.02746e-05 -1.4748e-05 -2.35604e-05
-5.29742e-06 -5.34765e-05 -2.38171e-05
-4.14122e-05 3.73384e-06 -4.23287e-05
1.09578e-05 1.88424e-05 3.7189e-07
3.03359e-05 -2.8821e-07 -5.94003e-06
3.07693e-05 -1.28286e-06 -1.62763e-05
9.64507e-06 2.87217e-06 8.05027e-06
-1.29439e-05 -6.27762e-06 5.889e-06
1.4429e-05 6.65694e-06 2.40959e-05
6.36129e-07 -1.76276e-06 -1.51226e-06
-2.55825e-05 -6.74395e-06 -3.3375e-06
-1.42246e-05 -4.66712e-06 -3.17334e-06
-1.0234e-05 -1.6319e-05 -9.24108e-06
-3.37888e-05 8.96953e-06 1.07351e-06
1.24516e-05 1.25912e-05 -7.07749e-06
-2.8821e-07 2.69866e-05 1.5483e-06
-1.23148e-05 2.31383e-05 7.60949e-06
-6.88768e-06 -6.83546e-06 -1.75271e-06
-1.78358e-05 -3.56689e-05 -3.88571e-07
-6.10626e-06 -1.18962e-05 -2.11402e-06
9.71034e-06 9.26559e-06 9.18302e-06
5.20608e-05 9.52247e-06 1.01782e-05
-5.32256e-06 -4.80482e-06 -2.35357e-06
-1.75757e-05 -2.3753e-05 5.5196e-06
-7.89186e-06 1.45418e-06 -2.03521e-05
8.28856e-07 -4.92877e-06 2.80932e-06
-5.94003e-06 1.5483e-06 8.78333e-06
-3.28693e-06 5.47983e-06 2.19003e-06
-4.78928e-06 -2.73246e-06 6.72844e-07
-5.92244e-06 -8.25838e-06 -1.37846e-08
-3.03521e-06 1.39135e-06 -4.08968e-06
-1.6075e-06 3.42903e-06 -1.60375e-06
5.56157e-06 2.7553e-06 4.09939e-06
4.49743e-06 1.47962e-06 -3.63228e-06
1.28725e-05 -2.96422e-07 -6.49343e-06
8.20852e-07 1.32545e-07 -2.7227e-06
-1.70772e-06 7.67644e-05 6.90184e-05
3.07693e-05 -1.23148e-05 -3.28693e-06
0.000194558 -1.83459e-05 -0.000105708
7.00037e-06 1.86478e-05 2.88674e-05
-2.20036e-05 2.51348e-05 2.62719e-05
1.72425e-05 1.96799e-05 5.33744e-05
-1.90884e-05 -1.50728e-05 -9.67022e-06
-5.4051e-05 -3.46717e-05 1.35181e-07
-4.77054e-05 -2.01323e-05 -1.5756e-05
2.42647e-06 -5.06801e-05 -4.34216e-05
-0.000107443 1.09894e-05 1.74985e-07
9.37174e-06 2.42299e-05 1.55825e-05
-1.28286e-06 2.31383e-05 5.47983e-06
-1.83459e-05 5.08556e-05 -1.37616e-05
-9.2858e-06 -1.89049e-05 -1.17245e-06
-2.72833e-05 -5.75532e-05 -2.48376e-06
-2.89946e-06 -9.76386e-06 7.65965e-08
1.64062e-05 1.95172e-05 1.50577e-05
7.64871e-05 1.65549e-05 2.95307e-05
-7.91144e-06 -7.62313e-06 -9.71349e-06
-2.15868e-05 -4.16569e-05 5.2432e-06
-1.36689e-05 1.2062e-06 -4.38386e-05
-3.83087e-06 -7.53545e-05 -8.19624e-05
-1.62763e-05 7.60949e-06 2.19003e-06
-0.000105708 -1.37616e-05 0.000114194
-2.81036e-06 1.57932e-06 -2.21156e-05
1.87005e-05 6.1814e-06 -2.15745e-05
-2.00635e-05 -1.54696e-05 -4.42602e-05
1.33035e-08 -2.62914e-06 -1.16919e-06
-3.45453e-06 1.48238e-05 -2.5142e-05
3.81084e-05 2.09905e-05 2.00792e-05
2.43236e-05 6.55184e-05 2.38162e-05
7.09979e-05 -9.48762e-06 3.59439e-05
-6.19629e-06 -2.58961e-06 -1.03931e-05
9.64507e-06 -6.88768e-06 -4.78928e-06
7.00037e-06 -9.2858e-06 -2.81036e-06
1.75181e-05 7.06724e-06 7.87731e-07
1.33653e-05 1.35552e-05 -7.53899e-07
1.60707e-05 6.20291e-06 6.57538e-06
1.12488e-06 -7.89797e-06 -4.65015e-06
-3.33843e-05 -9.15014e-06 -6.81071e-06
-5.80914e-06 6.02008e-07 4.38149e-06
2.70416e-06 5.11576e-06 -1.72621e-06
-2.20384e-05 3.26813e-06 2.01897e-05
-6.77147e-06 -7.81903e-06 -8.87618e-06
2.87217e-06 -6.83546e-06 -2.73246e-06
1.86478e-05 -1.89049e-05 1.57932e-06
7.06724e-06 1.82556e-05 1.20685e-06
1.10945e-05 2.62394e-05 2.78017e-06
2.46921e-06 2.6146e-06 1.77863e-06
-4.85126e-06 -1.2502e-05 -5.91192e-06
-2.37417e-05 -1.01539e-05 -1.9649e-05
-2.3317e-06 -5.1518e-07 6.58674e-06
7.72256e-06 1.04629e-05 -1.60219e-06
-1.21773e-05 -8.42345e-07 2.484e-05
7.75628e-06 1.03738e-05 7.62381e-06
8.05027e-06 -1.75271e-06 6.72844e-07
2.88674e-05 -1.17245e-06 -2.21156e-05
7.87731e-07 1.20685e-06 1.56451e-05
-1.2787e-05 -5.50767e-06 1.4651e-05
9.29918e-06 1.01157e-05 1.93266e-05
-3.41431e-06 2.13769e-07 -4.22356e-06
-1.96581e-05 -4.94004e-06 -3.77757e-06
-6.20621e-06 -2.80284e-06 -7.26269e-06
9.18335e-06 -1.33884e-05 -1.6442e-05
-2.18802e-05 7.65382e-06 -4.09759e-06
-3.24851e-05 -3.44263e-05 -2.86574e-05
-1.29439e-05 -1.78358e-05 -5.92244e-06
-2.20036e-05 -2.72833e-05 1.87005e-05
1.33653e-05 1.10945e-05 -1.2787e-05
7.24662e-05 7.44318e-05 -5.7295e-06
-1.23356e-05 -2.59001e-05 -2.72607e-05
-1.25276e-05 -2.13712e-05 -5.97064e-06
-1.99231e-05 -5.72959e-06 -2.06135e-05
3.99477e-06 8.03997e-06 2.13553e-05
1.34152e-05 5.17242e-05 1.40537e-05
8.97904e-06 -1.27435e-05 5.28323e-05
-3.37411e-05 -3.41734e-05 -1.59104e-05
-6.27762e-06 -3.56689e-05 -8.25838e-06
2.51348e-05 -5.75532e-05 6.1814e-06
1.35552e-05 2.62394e-05 -5.50767e-06
7.44318e-05 0.000183367 -5.80557e-06
-2.48725e-05 -6.57014e-05 -1.7897e-05
-2.86818e-05 -5.46982e-05 -1.9757e-05
-1.9303e-05 -2.65094e-05 -7.59684e-05
-7.55084e-06 4.29576e-06 3.33094e-05
1.18643e-05 7.86441e-05 9.80547e-06
-4.5588e-06 -1.82421e-05 9.98082e-05
8.33308e-06 6.83157e-06 2.91679e-06
5.889e-06 -3.88571e-07 -1.37846e-08
2.62719e-05 -2.48376e-06 -2.15745e-05
-7.53899e-07 2.78017e-06 1.4651e-05
-5.7295e-06 -5.80557e-06 2.37847e-05
6.76903e-06 9.63939e-06 1.76353e-05
-3.41736e-06 9.36003e-08 -5.05005e-06
-2.20707e-05 -3.33533e-06 -4.86946e-06
-4.52778e-06 -2.1722e-06 -7.42805e-06
1.41579e-05 -1.43289e-05 -1.83195e-05
-2.49229e-05 9.16976e-06 -1.73214e-06
5.55922e-06 9.39727e-06 2.64048e-06
1.4429e-05 -6.10626e-06 -3.03521e-06
1.72425e-05 -2.89946e-06 -2.00635e-05
1.60707e-05 2.46921e-06 9.29918e-06
-1.23356e-05 -2.48725e-05 6.76903e-06
4.38832e-05 4.26867e-05 2.64454e-05
1.26626e-05 1.52884e-06 -7.19704e-06
-6.04515e-05 -1.36046e-05 4.92508e-06
-5.51314e-06 -2.52658e-06 -7.86933e-06
6.70603e-06 -1.95273e-05 -1.39398e-05
-3.82528e-05 1.34544e-05 2.02583e-06
1.00192e-05 -1.8654e-07 1.02448e-05
6.65694e-06 -1.18962e-05 1.39135e-06
1.96799e-05 -9.76386e-06 -1.54696e-05
6.20291e-06 2.6146e-06 1.01157e-05
-2.59001e-05 -6.57014e-05 9.63939e-06
4.26867e-05 8.82929e-05 2.36212e-05
9.89641e-06 1.45729e-05 -8.01012e-06
-8.99128e-05 -1.05994e-05 2.10116e-05
9.97317e-06 1.26589e-06 -1.70225e-05
1.57318e-05 -2.19936e-05 -1.6284e-05
-5.03427e-06 1.33944e-05 -1.92389e-05
2.08771e-05 3.22724e-05 2.13523e-05
2.40959e-05 -2.11402e-06 -4.08968e-06
5.33744e-05 7.65965e-08 -4.42602e-05
6.57538e-06 1.77863e-06 1.93266e-05
-2.72607e-05 -1.7897e-05 1.76353e-05
2.64454e-05 2.36212e-05 4.97903e-05
9.28794e-07 -1.50167e-08 -3.82327e-06
-3.85696e-05 -1.08834e-05 -5.80617e-06
-1.66709e-05 -7.76354e-06 -1.40857e-05
2.12352e-06 -3.75893e-05 -2.68985e-05
-5.19208e-05 1.85134e-05 -9.14043e-06
4.48373e-06 7.86681e-06 -1.98664e-06
6.36129e-07 9.71034e-06 -1.6075e-06
-1.90884e-05 1.64062e-05 1.33035e-08
1.12488e-06 -4.85126e-06 -3.41431e-06
-1.25276e-05 -2.86818e-05 -3.41736e-06
1.26626e-05 9.89641e-06 9.28794e-07
2.47899e-05 7.99332e-06 7.41748e-06
1.15606e-05 3.1456e-06 8.69091e-06
2.80169e-07 -3.83644e-06 -1.0818e-06
-1.51621e-05 -2.15808e-05 9.78961e-06
-8.75885e-06 3.93104e-06 -1.53328e-05
7.99081e-06 9.73248e-06 9.98306e-06
-1.76276e-06 9.26559e-06 3.42903e-06
-1.50728e-05 1.95172e-05 -2.62914e-06
-7.89797e-06 -1.2502e-05 2.13769e-07
-2.13712e-05 -5.46982e-05 9.36003e-08
1.52884e-06 1.45729e-05 -1.50167e-08
7.99332e-06 2.48941e-05 8.38101e-06
1.35541e-05 1.40754e-05 2.50822e-05
4.67267e-06 -1.91823e-06 -9.34492e-06
-5.4171e-06 -2.38419e-05 1.25038e-06
1.57821e-05 9.02792e-07 -3.6444e-05
5.0945e-07 9.51505e-06 3.18766e-06
-1.51226e-06 9.18302e-06 -1.60375e-06
-9.67022e-06 1.50577e-05 -1.16919e-06
-4.65015e-06 -5.91192e-06 -4.22356e-06
-5.97064e-06 -1.9757e-05 -5.05005e-06
-7.19704e-06 -8.01012e-06 -3.82327e-06
7.41748e-06 8.38101e-06 1.59636e-05
2.93722e-05 1.13791e-05 6.97889e-06
-1.36798e-06 -3.37104e-06 6.84238e-07
-1.53527e-05 -1.43873e-05 1.11814e-05
8.42206e-06 -2.07836e-06 -2.21252e-05
8.02e-07 5.28401e-05 2.82957e-05
-2.55825e-05 5.20608e-05 5.56157e-06
-5.4051e-05 7.64871e-05 -3.45453e-06
-3.33843e-05 -2.37417e-05 -1.96581e-05
-1.99231e-05 -1.9303e-05 -2.20707e-05
-6.04515e-05 -8.99128e-05 -3.85696e-05
1.15606e-05 1.35541e-05 2.93722e-05
0.000269678 2.99347e-05 3.31619e-05
-2.41045e-05 -2.22904e-05 1.58451e-06
-8.59473e-05 -3.73311e-05 3.93154e-05
2.14051e-05 -3.22979e-05 -5.35365e-05
4.42214e-06 -5.35344e-06 -4.30293e-06
-6.74395e-06 9.52247e-06 2.7553e-06
-3.46717e-05 1.65549e-05 1.48238e-05
-9.15014e-06 -1.01539e-05 -4.94004e-06
-5.72959e-06 -2.65094e-05 -3.33533e-06
-1.36046e-05 -1.05994e-05 -1.08834e-05
3.1456e-06 1.40754e-05 1.13791e-05
2.99347e-05 2.89362e-05 6.50343e-06
8.38594e-06 -1.29521e-06 4.57707e-07
-2.30524e-06 -7.93624e-06 8.14144e-06
2.63165e-05 -7.24074e-06 -2.05987e-05
1.1671e-06 3.49952e-05 3.6132e-05
-3.3375e-06 1.01782e-05 4.09939e-06
1.35181e-07 2.95307e-05 -2.5142e-05
-6.81071e-06 -1.9649e-05 -3.77757e-06
-2.06135e-05 -7.59684e-05 -4.86946e-06
4.92508e-06 2.10116e-05 -5.80617e-06
8.69091e-06 2.50822e-05 6.97889e-06
3.31619e-05 6.50343e-06 6.93515e-05
-3.90088e-06 -3.41296e-06 -2.00379e-05
-2.74418e-05 -2.72367e-05 -1.69359e-07
1.40248e-05 -1.03438e-06 -5.67594e-05
-3.21053e-06 -3.73093e-05 -2.02746e-05
-1.42246e-05 -5.32256e-06 4.49743e-06
-4.77054e-05 -7.91144e-06 3.81084e-05
-5.80914e-06 -2.3317e-06 -6.20621e-06
3.99477e-06 -7.55084e-06 -4.52778e-06
-5.51314e-06 9.97317e-06 -1.66709e-05
2.80169e-07 4.67267e-06 -1.36798e-06
-2.41045e-05 8.38594e-06 -3.90088e-06
3.14993e-05 1.17764e-05 1.02025e-06
2.23434e-05 2.53008e-05 5.62465e-06
4.24499e-05 3.17051e-07 3.69712e-06
-1.90605e-06 -2.25012e-05 -1.4748e-05
-4.66712e-06 -4.80482e-06 1.47962e-06
-2.01323e-05 -7.62313e-06 2.09905e-05
6.02008e-07 -5.1518e-07 -2.80284e-06
8.03997e-06 4.29576e-06 -2.1722e-06
-2.52658e-06 1.26589e-06 -7.76354e-06
-3.83644e-06 -1.91823e-06 -3.37104e-06
-2.22904e-05 -1.29521e-06 -3.41296e-06
1.17764e-05 1.14391e-05 2.66999e-06
1.60355e-05 1.90903e-05 1.86792e-06
1.8905e-05 2.56724e-06 7.262e-06
-1.29108e-05 -1.83124e-05 -2.35604e-05
-3.17334e-06 -2.35357e-06 -3.63228e-06
-1.5756e-05 -9.71349e-06 2.00792e-05
4.38149e-06 6.58674e-06 -7.26269e-06
2.13553e-05 3.33094e-05 -7.42805e-06
-7.86933e-06 -1.70225e-05 -1.40857e-05
-1.0818e-06 -9.34492e-06 6.84238e-07
1.58451e-06 4.57707e-07 -2.00379e-05
1.02025e-06 2.66999e-06 1.9537e-05
-1.54601e-06 1.97754e-05 1.86328e-05
1.39968e-05 -6.05223e-06 1.70738e-05
-1.4972e-05 -3.41795e-05 -5.29742e-06
-1.0234e-05 -1.75757e-05 1.28725e-05
2.42647e-06 -2.15868e-05 2.43236e-05
2.70416e-06 7.72256e-06 9.18335e-06
1.34152e-05 1.18643e-05 1.41579e-05
6.70603e-06 1.57318e-05 2.12352e-06
-1.51621e-05 -5.4171e-06 -1.53527e-05
-8.59473e-05 -2.30524e-06 -2.74418e-05
2.23434e-05 1.60355e-05 -1.54601e-06
0.000152242 9.88281e-06 -5.25761e-05
-7.35228e-05 1.98278e-05 3.9552e-05
-2.68067e-05 -7.45065e-05 -5.34765e-05
-1.6319e-05 -2.3753e-05 -2.96422e-07
-5.06801e-05 -4.16569e-05 6.55184e-05
5.11576e-06 1.04629e-05 -1.33884e-05
5.17242e-05 7.86441e-05 -1.43289e-05
-1.95273e-05 -2.19936e-05 -3.75893e-05
-2.15808e-05 -2.38419e-05 -1.43873e-05
-3.73311e-05 -7.93624e-06 -2.72367e-05
2.53008e-05 1.90903e-05 1.97754e-05
9.88281e-06 0.000107848 1.55827e-05
8.02215e-05 -2.23573e-05 5.98265e-05
-1.15202e-05 -1.57753e-05 -2.38171e-05
-9.24108e-06 5.5196e-06 -6.49343e-06
-4.34216e-05 5.2432e-06 2.38162e-05
-1.72621e-06 -1.60219e-06 -1.6442e-05
1.40537e-05 9.80547e-06 -1.83195e-05
-1.39398e-05 -1.6284e-05 -2.68985e-05
9.78961e-06 1.25038e-06 1.11814e-05
3.93154e-05 8.14144e-06 -1.69359e-07
5.62465e-06 1.86792e-06 1.86328e-05
-5.25761e-05 1.55827e-05 5.21553e-05
6.3644e-05 -1.37488e-05 -1.36458e-05
-1.35349e-05 -6.86214e-05 -4.14122e-05
-3.37888e-05 -7.89186e-06 8.20852e-07
-0.000107443 -1.36689e-05 7.09979e-05
-2.20384e-05 -1.21773e-05 -2.18802e-05
8.97904e-06 -4.5588e-06 -2.49229e-05
-3.82528e-05 -5.03427e-06 -5.19208e-05
-8.75885e-06 1.57821e-05 8.42206e-06
2.14051e-05 2.63165e-05 1.40248e-05
4.24499e-05 1.8905e-05 1.39968e-05
-7.35228e-05 8.02215e-05 6.3644e-05
0.000224505 -2.92713e-05 -3.17711e-05
1.35552e-05 6.95134e-06 3.73384e-06
8.96953e-06 1.45418e-06 1.32545e-07
1.09894e-05 1.2062e-06 -9.48762e-06
3.26813e-06 -8.42345e-07 7.65382e-06
-1.27435e-05 -1.82421e-05 9.16976e-06
1.34544e-05 1.33944e-05 1.85134e-05
3.93104e-06 9.02792e-07 -2.07836e-06
-3.22979e-05 -7.24074e-06 -1.03438e-06
3.17051e-07 2.56724e-06 -6.05223e-06
1.98278e-05 -2.23573e-05 -1.37488e-05
-2.92713e-05 2.22065e-05 -6.8023e-06
-1.89051e-05 -4.44627e-05 -4.23287e-05
1.07351e-06 -2.03521e-05 -2.7227e-06
1.74985e-07 -4.38386e-05 3.59439e-05
2.01897e-05 2.484e-05 -4.09759e-06
5.28323e-05 9.98082e-05 -1.73214e-06
2.02583e-06 -1.92389e-05 -9.14043e-06
-1.53328e-05 -3.6444e-05 -2.21252e-05
-5.35365e-05 -2.05987e-05 -5.67594e-05
3.69712e-06 7.262e-06 1.70738e-05
3.9552e-05 5.98265e-05 -1.36458e-05
-3.17711e-05 -6.8023e-06 9.95341e-05
