    0.0000    0.02664
   20.0000   -0.00415
   40.0000    0.01939
   60.0000    0.00864
   80.0000    0.00078
  100.0000   -0.00781
  120.0000    0.01160
  140.0000   -0.00967
  160.0000   -0.02333
  180.0000    0.01931
  200.0000   -0.00264
  220.0000   -0.00525
  240.0000    0.00086
  260.0000    0.00295
  280.0000    0.02465
  300.0000   -0.00092
  320.0000   -0.00044
  340.0000   -0.00010
  360.0000    0.01814
  380.0000    0.00630
  400.0000    0.02378
  420.0000   -0.02557
  440.0000    0.01098
  460.0000   -0.00638
  480.0000   -0.01478
  500.0000   -0.00408
  520.0000   -0.01402
  540.0000   -0.02226
  560.0000   -0.00435
  580.0000   -0.01024
  600.0000   -0.00019
  620.0000   -0.00616
  640.0000    0.02584
  660.0000   -0.01991
  680.0000   -0.02252
  700.0000   -0.00163
  720.0000    0.01552
  740.0000    0.02566
  760.0000    0.00002
  780.0000    0.00804
  800.0000    0.00738
  820.0000    0.00377
  840.0000   -0.00058
  860.0000    0.02545
  880.0000    0.03509
  900.0000   -0.00671
  920.0000    0.00676
  940.0000   -0.01880
  960.0000   -0.00144
  980.0000    0.02077
 1000.0000    0.00682
 1020.0000    0.01138
 1040.0000   -0.00191
 1060.0000    0.00602
 1080.0000   -0.01225
 1100.0000    0.00402
 1120.0000    0.00836
 1140.0000    0.00554
 1160.0000    0.00922
 1180.0000    0.00458
 1200.0000   -0.00055
 1220.0000    0.01221
 1240.0000   -0.01518
 1260.0000    0.02789
 1280.0000   -0.00690
 1300.0000   -0.02300
 1320.0000    0.01109
 1340.0000   -0.00229
 1360.0000    0.02083
 1380.0000   -0.02035
 1400.0000   -0.01152
 1420.0000   -0.02268
 1440.0000   -0.00660
 1460.0000    0.02487
 1480.0000    0.01713
 1500.0000   -0.03055
 1520.0000    0.01895
 1540.0000   -0.01896
 1560.0000    0.00985
 1580.0000    0.01363
 1600.0000    0.00970
 1620.0000   -0.00623
 1640.0000   -0.00705
 1660.0000    0.00384
 1680.0000   -0.00026
 1700.0000    0.00189
 1720.0000   -0.01032
 1740.0000    0.01037
 1760.0000    0.02209
 1780.0000    0.00811
 1800.0000   -0.01636
 1820.0000   -0.02711
 1840.0000    0.00577
 1860.0000    0.00254
 1880.0000   -0.01401
 1900.0000   -0.00926
 1920.0000   -0.01806
 1940.0000   -0.03882
 1960.0000   -0.01435
 1980.0000   -0.00791
 2000.0000    0.00483
 2020.0000   -0.00609
 2040.0000   -0.00428
 2060.0000    0.02019
 2080.0000    0.00058
 2100.0000   -0.00380
 2120.0000    0.00641
 2140.0000   -0.01276
 2160.0000    0.00354
 2180.0000    0.00909
 2200.0000   -0.00069
 2220.0000    0.01113
 2240.0000   -0.00693
 2260.0000    0.00080
 2280.0000   -0.01343
 2300.0000    0.01631
 2320.0000    0.01681
 2340.0000    0.02740
 2360.0000    0.00326
 2380.0000   -0.02967
 2400.0000   -0.02079
 2420.0000   -0.00335
 2440.0000   -0.02437
 2460.0000    0.01137
 2480.0000    0.01195
 2500.0000    0.00498
 2520.0000   -0.01778
 2540.0000   -0.02092
 2560.0000   -0.01873
 2580.0000   -0.01710
 2600.0000    0.00579
 2620.0000    0.01296
 2640.0000   -0.00167
 2660.0000    0.02395
 2680.0000   -0.00444
 2700.0000    0.01522
 2720.0000   -0.02012
 2740.0000   -0.00262
 2760.0000    0.00804
 2780.0000    0.00564
 2800.0000    0.02058
 2820.0000   -0.01198
 2840.0000    0.00557
 2860.0000    0.00716
 2880.0000   -0.01585
 2900.0000   -0.00886
 2920.0000   -0.02719
 2940.0000    0.01360
 2960.0000   -0.01563
 2980.0000    0.01442
 3000.0000    0.02360
 3020.0000   -0.01871
 3040.0000    0.01350
 3060.0000   -0.00880
 3080.0000    0.01059
 3100.0000   -0.01661
 3120.0000   -0.02289
 3140.0000    0.00136
 3160.0000    0.00883
 3180.0000   -0.04567
 3200.0000    0.00879
 3220.0000   -0.02286
 3240.0000   -0.01201
 3260.0000   -0.02917
 3280.0000    0.01352
 3300.0000   -0.00748
 3320.0000   -0.00709
 3340.0000    0.03349
 3360.0000    0.01152
 3380.0000    0.00649
 3400.0000   -0.00617
 3420.0000    0.01306
 3440.0000    0.02315
 3460.0000   -0.02051
 3480.0000   -0.00631
 3500.0000   -0.01148
 3520.0000   -0.00212
 3540.0000   -0.01888
 3560.0000    0.00410
 3580.0000    0.01989
 3600.0000    0.01565
 3620.0000   -0.00017
 3640.0000   -0.01796
 3660.0000   -0.02133
 3680.0000   -0.01680
 3700.0000   -0.01183
 3720.0000    0.00275
 3740.0000    0.02148
 3760.0000   -0.00805
 3780.0000    0.00260
 3800.0000   -0.01602
 3820.0000    0.00179
 3840.0000   -0.03076
 3860.0000    0.01028
 3880.0000    0.02430
 3900.0000   -0.00112
 3920.0000    0.00837
 3940.0000   -0.00347
 3960.0000   -0.01504
 3980.0000    0.01687
 4000.0000    0.00839
 4020.0000   -0.00034
 4040.0000    0.00143
 4060.0000    0.00102
 4080.0000   -0.01801
 4100.0000    0.00500
 4120.0000   -0.02569
 4140.0000   -0.04792
 4160.0000   -0.00395
 4180.0000    0.01711
 4200.0000    0.01865
 4220.0000    0.01478
 4240.0000    0.00646
 4260.0000   -0.01921
 4280.0000   -0.00453
 4300.0000   -0.03259
 4320.0000    0.00648
 4340.0000    0.00137
 4360.0000   -0.06601
 4380.0000    0.01334
 4400.0000   -0.02930
 4420.0000    0.01269
 4440.0000    0.02684
 4460.0000    0.01472
 4480.0000    0.00562
 4500.0000    0.00143
 4520.0000    0.00691
 4540.0000   -0.00530
 4560.0000    0.02704
 4580.0000   -0.01572
 4600.0000    0.02526
 4620.0000   -0.00036
 4640.0000   -0.01079
 4660.0000    0.02681
 4680.0000    0.00265
 4700.0000    0.01047
 4720.0000   -0.00395
 4740.0000   -0.02613
 4760.0000   -0.00942
 4780.0000    0.02837
 4800.0000   -0.01907
 4820.0000    0.02105
 4840.0000    0.02853
 4860.0000   -0.00083
 4880.0000    0.00195
 4900.0000   -0.02408
 4920.0000   -0.02380
 4940.0000   -0.00918
 4960.0000   -0.01139
 4980.0000    0.00524
 5000.0000    0.01004
 5020.0000    0.00118
 5040.0000    0.00524
 5060.0000    0.00942
 5080.0000    0.00187
 5100.0000    0.01072
 5120.0000    0.01688
 5140.0000    0.01657
 5160.0000   -0.01788
 5180.0000    0.01010
 5200.0000    0.00484
 5220.0000   -0.04096
 5240.0000    0.01075
 5260.0000    0.00231
 5280.0000    0.01363
 5300.0000    0.01123
 5320.0000    0.01917
 5340.0000   -0.01210
 5360.0000    0.01027
 5380.0000    0.01381
 5400.0000   -0.00864
 5420.0000    0.00335
 5440.0000   -0.02219
 5460.0000   -0.00762
 5480.0000    0.00201
 5500.0000    0.01065
 5520.0000    0.00780
 5540.0000   -0.00172
 5560.0000    0.00862
 5580.0000   -0.01199
 5600.0000   -0.01290
 5620.0000    0.00365
 5640.0000    0.01643
 5660.0000   -0.00425
 5680.0000   -0.00960
 5700.0000   -0.00627
 5720.0000   -0.00064
 5740.0000    0.00744
 5760.0000   -0.02122
 5780.0000   -0.00499
 5800.0000   -0.00351
 5820.0000    0.01457
 5840.0000    0.00397
 5860.0000   -0.00485
 5880.0000    0.01539
 5900.0000   -0.02167
 5920.0000    0.00530
 5940.0000    0.00556
 5960.0000    0.02823
 5980.0000    0.01168
 6000.0000   -0.00218
 6020.0000    0.02163
 6040.0000    0.04337
 6060.0000   -0.01095
 6080.0000   -0.00580
 6100.0000   -0.00770
 6120.0000   -0.00356
 6140.0000    0.01467
 6160.0000    0.01099
 6180.0000    0.00260
 6200.0000    0.01199
 6220.0000   -0.01621
 6240.0000    0.01091
 6260.0000   -0.00335
 6280.0000   -0.00783
 6300.0000    0.03789
 6320.0000   -0.00629
 6340.0000    0.01611
 6360.0000   -0.01438
 6380.0000   -0.00479
 6400.0000   -0.03672
 6420.0000   -0.01063
 6440.0000    0.01871
 6460.0000   -0.01353
 6480.0000    0.00966
 6500.0000    0.01598
 6520.0000    0.02229
 6540.0000   -0.00283
 6560.0000   -0.00181
 6580.0000   -0.02504
 6600.0000   -0.02590
 6620.0000   -0.02656
 6640.0000   -0.02373
 6660.0000    0.00909
 6680.0000   -0.00663
 6700.0000   -0.02707
 6720.0000    0.01981
 6740.0000   -0.03082
 6760.0000   -0.01434
 6780.0000   -0.00391
 6800.0000    0.00952
 6820.0000   -0.02370
 6840.0000    0.00312
 6860.0000   -0.02030
 6880.0000    0.02397
 6900.0000    0.00498
 6920.0000    0.01889
 6940.0000   -0.00483
 6960.0000   -0.03021
 6980.0000   -0.00231
 7000.0000    0.00671
 7020.0000   -0.00900
 7040.0000    0.00215
 7060.0000   -0.02325
 7080.0000   -0.00907
 7100.0000    0.01180
 7120.0000   -0.00922
 7140.0000    0.00814
 7160.0000    0.03049
 7180.0000    0.00892
 7200.0000    0.00459
 7220.0000   -0.00084
 7240.0000   -0.03792
 7260.0000    0.01533
 7280.0000    0.00616
 7300.0000   -0.01752
 7320.0000    0.01671
 7340.0000   -0.00325
 7360.0000   -0.05319
 7380.0000   -0.00745
 7400.0000    0.00621
 7420.0000   -0.00453
 7440.0000   -0.00573
 7460.0000    0.01463
 7480.0000   -0.01181
 7500.0000   -0.03240
 7520.0000   -0.01299
 7540.0000   -0.00484
 7560.0000    0.00041
 7580.0000   -0.02261
 7600.0000   -0.02018
 7620.0000    0.00844
 7640.0000   -0.00279
 7660.0000    0.01339
 7680.0000   -0.00260
 7700.0000    0.01423
 7720.0000    0.00202
 7740.0000   -0.00453
 7760.0000   -0.00867
 7780.0000    0.00804
 7800.0000   -0.02448
 7820.0000    0.01134
 7840.0000   -0.00070
 7860.0000   -0.00368
 7880.0000   -0.01580
 7900.0000    0.02658
 7920.0000    0.00407
 7940.0000   -0.00418
 7960.0000   -0.00058
 7980.0000   -0.01027
 8000.0000    0.03713
 8020.0000    0.02170
 8040.0000    0.01734
 8060.0000   -0.00141
 8080.0000    0.01806
 8100.0000    0.00434
 8120.0000    0.00734
 8140.0000   -0.01066
 8160.0000    0.00180
 8180.0000    0.00407
 8200.0000   -0.01317
 8220.0000   -0.01276
 8240.0000   -0.00713
 8260.0000    0.00285
 8280.0000    0.02031
 8300.0000   -0.01202
 8320.0000   -0.01202
 8340.0000    0.02874
 8360.0000    0.01674
 8380.0000   -0.00765
 8400.0000    0.04118
 8420.0000    0.00516
 8440.0000   -0.01570
 8460.0000    0.01271
 8480.0000    0.01382
 8500.0000   -0.01045
 8520.0000   -0.00720
 8540.0000   -0.00999
 8560.0000    0.02436
 8580.0000    0.00905
 8600.0000   -0.02465
 8620.0000   -0.00631
 8640.0000   -0.01742
 8660.0000   -0.00987
 8680.0000   -0.00959
 8700.0000    0.00776
 8720.0000    0.04662
 8740.0000   -0.00514
 8760.0000    0.01144
 8780.0000   -0.00187
 8800.0000   -0.00383
 8820.0000    0.01150
 8840.0000    0.00292
 8860.0000    0.01258
 8880.0000    0.00411
 8900.0000    0.00599
 8920.0000    0.00542
 8940.0000    0.02182
 8960.0000    0.00848
 8980.0000    0.00877
 9000.0000    0.00034
 9020.0000   -0.01557
 9040.0000    0.01910
 9060.0000    0.02573
 9080.0000    0.01972
 9100.0000    0.00450
 9120.0000    0.00436
 9140.0000    0.01015
 9160.0000   -0.01412
 9180.0000   -0.00208
 9200.0000    0.00177
 9220.0000    0.00905
 9240.0000    0.00233
 9260.0000   -0.00551
 9280.0000    0.00196
 9300.0000   -0.00187
 9320.0000   -0.00097
 9340.0000   -0.01637
 9360.0000    0.00217
 9380.0000   -0.00011
 9400.0000    0.01607
 9420.0000   -0.00123
 9440.0000   -0.02765
 9460.0000    0.01280
 9480.0000   -0.01386
 9500.0000    0.02722
 9520.0000    0.00903
 9540.0000    0.00714
 9560.0000   -0.00196
 9580.0000   -0.02424
 9600.0000    0.00908
 9620.0000   -0.00796
 9640.0000   -0.01419
 9660.0000   -0.00856
 9680.0000    0.00213
 9700.0000    0.03888
 9720.0000   -0.00489
 9740.0000    0.00161
 9760.0000    0.02849
 9780.0000   -0.01655
 9800.0000    0.01548
 9820.0000   -0.01234
 9840.0000    0.01557
 9860.0000   -0.00110
 9880.0000   -0.00937
 9900.0000   -0.01124
 9920.0000   -0.01563
 9940.0000    0.00731
 9960.0000   -0.00987
 9980.0000   -0.02454
10000.0000    0.01634
