0.000120594 -1.73629e-05 2.55335e-05
1.7627e-05 -5.79103e-06 -6.11472e-06
7.96509e-06 -4.64694e-06 -9.08902e-05
-9.86673e-06 2.12744e-06 1.10485e-05
-4.55537e-05 1.09767e-05 3.65718e-05
8.02709e-06 1.2133e-07 -1.0745e-06
1.42764e-05 -4.13094e-06 -3.42189e-07
2.47217e-05 -7.08844e-05 8.50766e-06
-3.38826e-05 2.69791e-05 8.95364e-06
-6.24656e-05 3.28506e-06 2.84376e-05
-4.14433e-05 5.93258e-05 -2.06318e-05
-1.73629e-05 4.22784e-05 -4.169e-06
-8.84391e-06 4.04685e-08 -7.001e-06
-1.04079e-05 -1.47484e-05 5.15886e-06
6.05445e-06 -6.89124e-06 -1.42353e-05
3.13914e-05 -1.33181e-05 -3.24652e-05
-1.19774e-05 -6.52125e-06 3.70007e-06
-1.62954e-05 -1.66911e-06 6.5484e-06
-2.12668e-05 1.91583e-05 2.40103e-06
1.03158e-05 -5.04222e-06 1.25673e-05
2.15286e-05 -5.76502e-06 -1.12759e-05
1.68649e-05 -7.52161e-06 3.87708e-05
2.55335e-05 -4.169e-06 3.75816e-05
-1.23174e-05 -1.14762e-06 1.48889e-05
-1.92978e-05 -1.33211e-05 -3.44067e-05
3.01633e-06 6.84336e-07 8.46898e-07
2.33889e-05 3.79969e-06 -1.28959e-05
4.90702e-06 1.08913e-06 -2.09506e-06
-4.91631e-06 7.60368e-06 1.78129e-06
-4.80288e-06 8.75596e-06 1.19008e-05
-3.86769e-06 2.8556e-06 -2.3298e-06
-7.03445e-06 -7.28989e-06 -1.4742e-05
-4.60908e-06 1.13824e-06 -5.31036e-07
1.7627e-05 -8.84391e-06 -1.23174e-05
3.37955e-05 3.95198e-06 -5.0205e-06
3.54768e-05 1.59778e-05 -1.28674e-06
-5.95711e-06 5.16354e-06 8.99692e-06
-4.71553e-05 2.95126e-06 3.60808e-05
-4.54423e-06 6.00933e-06 1.78449e-06
1.33998e-05 -7.14273e-06 -4.74831e-06
1.81339e-05 -4.37522e-05 -1.3086e-05
-1.37251e-05 5.4301e-06 -3.14601e-06
-2.99403e-05 -5.41391e-06 1.04181e-05
-1.71113e-05 2.56685e-05 -1.7675e-05
-5.79103e-06 4.04685e-08 -1.14762e-06
3.95198e-06 1.40021e-05 4.87296e-06
3.82343e-06 8.41518e-06 1.19697e-05
-7.14286e-07 4.29184e-06 -3.535e-08
3.65498e-07 -3.99396e-06 -2.18498e-06
-5.68083e-06 4.79117e-06 1.37936e-06
5.70998e-07 -3.33498e-06 -1.56561e-06
7.84448e-08 -1.02285e-05 -1.08916e-05
1.28765e-06 -4.10447e-06 -1.12237e-06
2.91869e-06 -8.09262e-08 4.40761e-06
-8.10569e-07 -9.79795e-06 -5.6818e-06
-6.11472e-06 -7.001e-06 1.48889e-05
-5.0205e-06 4.87296e-06 2.106e-05
-8.34019e-06 -2.23145e-06 3.80556e-06
2.52032e-06 3.6116e-06 3.84565e-06
1.33481e-05 1.89513e-06 -4.41339e-06
3.084e-06 5.79613e-06 -2.34164e-06
-1.21152e-06 5.94381e-06 -1.6937e-06
-3.13921e-06 1.41684e-05 1.82631e-06
2.47793e-06 -5.20143e-06 -9.75275e-06
1.66023e-06 -9.33849e-06 -1.6656e-05
7.36005e-07 -1.25163e-05 -1.05691e-05
7.96509e-06 -1.04079e-05 -1.92978e-05
3.54768e-05 3.82343e-06 -8.34019e-06
5.9853e-05 4.27319e-05 1.60946e-05
-1.32945e-05 4.2921e-06 1.02555e-05
-6.70014e-05 3.66887e-06 4.51323e-05
-2.66423e-06 3.66866e-06 -1.10747e-06
2.08873e-05 -1.37818e-05 -8.06594e-06
2.72471e-05 -5.53386e-05 -1.90493e-05
-1.38298e-05 2.49344e-06 -5.64522e-06
-3.44027e-05 -9.69165e-06 1.6097e-05
-2.02374e-05 2.8541e-05 -2.60727e-05
-4.64694e-06 -1.47484e-05 -1.33211e-05
1.59778e-05 8.41518e-06 -2.23145e-06
4.27319e-05 9.02989e-05 3.35157e-05
-1.71854e-05 1.55755e-06 6.82522e-06
-5.4533e-05 -2.91743e-06 3.10397e-05
2.06146e-06 -9.35457e-07 -7.15436e-06
2.41664e-05 -2.37373e-05 -1.23962e-05
3.03565e-05 -5.27732e-05 -1.98633e-05
-5.32686e-06 -7.31421e-06 -8.78106e-06
-1.72413e-05 -2.89369e-06 3.19919e-05
-1.63617e-05 5.04733e-06 -3.96247e-05
-9.08902e-05 5.15886e-06 -3.44067e-05
-1.28674e-06 1.19697e-05 3.80556e-06
1.60946e-05 3.35157e-05 0.000131465
-2.20541e-06 6.18929e-06 -7.25317e-06
2.15186e-06 4.52213e-06 -1.31178e-05
-9.65203e-06 6.5816e-06 -1.98906e-06
-1.71152e-07 -6.31293e-06 -6.21603e-06
-7.28646e-06 3.16845e-05 -2.59472e-05
2.4693e-05 -2.9429e-05 -1.78826e-05
4.34789e-05 -1.00029e-05 -1.98942e-05
2.50742e-05 -5.38768e-05 -8.563e-06
-9.86673e-06 6.05445e-06 3.01633e-06
-5.95711e-06 -7.14286e-07 2.52032e-06
-1.32945e-05 -1.71854e-05 -2.20541e-06
1.29437e-05 -1.4796e-06 -3.5431e-06
2.42681e-05 -2.33163e-06 -1.11232e-05
-3.32119e-06 3.20669e-07 3.10324e-06
-1.06743e-05 5.68572e-06 3.34509e-06
-1.45519e-05 1.75004e-05 -8.46236e-07
3.54686e-06 -1.0207e-06 2.14659e-06
7.15442e-06 -5.07626e-06 -1.61859e-05
9.75304e-06 -1.75314e-06 1.97725e-05
2.12744e-06 -6.89124e-06 6.84336e-07
5.16354e-06 4.29184e-06 3.6116e-06
4.2921e-06 1.55755e-06 6.18929e-06
-1.4796e-06 8.67878e-06 2.41477e-06
-3.55321e-06 2.1363e-06 3.61679e-06
-4.90517e-06 7.98564e-06 2.44026e-06
2.80483e-06 -8.46526e-07 -1.47482e-06
3.20924e-06 -1.31377e-05 -1.02544e-05
-2.27318e-06 -1.19689e-06 -2.78854e-06
-7.43811e-07 4.29145e-06 6.79181e-06
-4.64241e-06 -6.86933e-06 -1.12313e-05
1.10485e-05 -1.42353e-05 8.46898e-07
8.99692e-06 -3.535e-08 3.84565e-06
1.02555e-05 6.82522e-06 -7.25317e-06
-3.5431e-06 2.41477e-06 1.75993e-05
-2.1557e-05 4.39821e-06 2.93965e-05
8.15476e-06 2.75879e-06 1.32929e-06
1.09517e-05 2.99066e-06 -3.45781e-06
1.35454e-05 -1.20584e-05 -2.21514e-06
-7.46098e-06 3.31646e-06 -1.03957e-05
-1.62492e-05 2.65516e-07 3.0229e-06
-1.41425e-05 3.35882e-06 -3.2719e-05
-4.55537e-05 3.13914e-05 2.33889e-05
-4.71553e-05 3.65498e-07 1.33481e-05
-6.70014e-05 -5.4533e-05 2.15186e-06
2.42681e-05 -3.55321e-06 -2.1557e-05
0.000167318 -1.25743e-05 -0.000115659
-5.40191e-05 5.34994e-06 2.97564e-05
-5.02697e-05 1.82857e-05 1.99401e-05
-6.42512e-05 5.93746e-05 -2.33734e-05
2.79881e-05 -8.56342e-06 2.17275e-05
5.56369e-05 -1.22931e-05 -5.59389e-05
5.3041e-05 -2.32489e-05 0.000106215
1.09767e-05 -1.33181e-05 3.79969e-06
2.95126e-06 -3.99396e-06 1.89513e-06
3.66887e-06 -2.91743e-06 4.52213e-06
-2.33163e-06 2.1363e-06 4.39821e-06
-1.25743e-05 2.72529e-05 1.48682e-05
4.05378e-06 -1.77685e-06 -1.55283e-06
5.4475e-06 -1.17397e-06 -4.43539e-06
5.11868e-06 -1.26244e-05 -9.19789e-06
-4.99572e-06 1.44004e-06 -4.50906e-06
-1.05816e-07 1.60992e-05 1.5799e-05
-1.22092e-05 -1.11239e-05 -2.55874e-05
3.65718e-05 -3.24652e-05 -1.28959e-05
3.60808e-05 -2.18498e-06 -4.41339e-06
4.51323e-05 3.10397e-05 -1.31178e-05
-1.11232e-05 3.61679e-06 2.93965e-05
-0.000115659 1.48682e-05 0.000108148
4.33711e-05 -1.91079e-06 -1.77957e-05
3.77926e-05 -5.42259e-06 -1.54981e-05
4.66555e-05 -4.20436e-05 1.18738e-05
-2.5002e-05 8.90884e-06 -2.41743e-05
-4.84702e-05 9.6779e-06 3.25318e-05
-4.53509e-05 1.59149e-05 -9.40554e-05
8.02709e-06 -1.19774e-05 4.90702e-06
-4.54423e-06 -5.68083e-06 3.084e-06
-2.66423e-06 2.06146e-06 -9.65203e-06
-3.32119e-06 -4.90517e-06 8.15476e-06
-5.40191e-05 4.05378e-06 4.33711e-05
6.43236e-05 -1.47293e-05 -3.07451e-05
1.02488e-05 3.6362e-06 -8.15399e-06
1.0669e-05 3.22758e-05 4.12159e-05
-6.24498e-06 2.5464e-07 -1.49696e-05
-1.03189e-05 8.72374e-07 -1.45175e-06
-1.21566e-05 -5.86217e-06 -3.57606e-05
1.2133e-07 -6.52125e-06 1.08913e-06
6.00933e-06 4.79117e-06 5.79613e-06
3.66866e-06 -9.35457e-07 6.5816e-06
3.20669e-07 7.98564e-06 2.75879e-06
5.34994e-06 -1.77685e-06 -1.91079e-06
-1.47293e-05 1.86649e-05 6.21478e-06
1.61859e-06 2.55347e-06 6.17479e-07
1.82388e-06 -1.80511e-05 -1.48052e-05
-1.16144e-06 -1.25378e-06 -2.33394e-06
-1.42256e-08 2.33933e-06 3.01747e-06
-3.00733e-06 -7.79626e-06 -7.02547e-06
-1.0745e-06 3.70007e-06 -2.09506e-06
1.78449e-06 1.37936e-06 -2.34164e-06
-1.10747e-06 -7.15436e-06 -1.98906e-06
3.10324e-06 2.44026e-06 1.32929e-06
2.97564e-05 -1.55283e-06 -1.77957e-05
-3.07451e-05 6.21478e-06 2.7664e-05
-3.35255e-06 2.2187e-06 8.00007e-06
-4.90022e-06 -1.62389e-05 -2.62699e-05
1.38894e-06 3.31446e-06 5.45917e-06
3.06496e-06 3.31795e-06 -5.13372e-07
2.08229e-06 2.36088e-06 8.55208e-06
1.42764e-05 -1.62954e-05 -4.91631e-06
1.33998e-05 5.70998e-07 -1.21152e-06
2.08873e-05 2.41664e-05 -1.71152e-07
-1.06743e-05 2.80483e-06 1.09517e-05
-5.02697e-05 5.4475e-06 3.77926e-05
1.02488e-05 1.61859e-06 -3.35255e-06
2.61483e-05 -7.38062e-06 -6.90805e-06
2.69318e-05 -1.99532e-05 -2.40244e-06
-9.63424e-06 1.28362e-06 -8.84525e-06
-1.9142e-05 7.16166e-06 2.67901e-05
-2.21725e-05 5.75109e-07 -4.77274e-05
-4.13094e-06 -1.66911e-06 7.60368e-06
-7.14273e-06 -3.33498e-06 5.94381e-06
-1.37818e-05 -2.37373e-05 -6.31293e-06
5.68572e-06 -8.46526e-07 2.99066e-06
1.82857e-05 -1.17397e-06 -5.42259e-06
3.6362e-06 2.55347e-06 2.2187e-06
-7.38062e-06 2.14873e-05 5.63822e-06
-7.04658e-06 1.57295e-05 7.70508e-06
2.56392e-06 2.56157e-06 -3.85202e-06
4.31827e-06 -3.0732e-06 -2.00764e-05
4.99286e-06 -8.49704e-06 3.5639e-06
-3.42189e-07 6.5484e-06 1.78129e-06
-4.74831e-06 -1.56561e-06 -1.6937e-06
-8.06594e-06 -1.23962e-05 -6.21603e-06
3.34509e-06 -1.47482e-06 -3.45781e-06
1.99401e-05 -4.43539e-06 -1.54981e-05
-8.15399e-06 6.17479e-07 8.00007e-06
-6.90805e-06 5.63822e-06 1.07489e-05
-7.69797e-06 3.41029e-06 -4.52987e-06
2.34307e-06 2.75006e-06 4.75011e-06
4.97899e-06 -8.39587e-07 -8.12806e-06
5.30961e-06 1.74747e-06 1.42433e-05
2.47217e-05 -2.12668e-05 -4.80288e-06
1.81339e-05 7.84448e-08 -3.13921e-06
2.72471e-05 3.03565e-05 -7.28646e-06
-1.45519e-05 3.20924e-06 1.35454e-05
-6.42512e-05 5.11868e-06 4.66555e-05
1.0669e-05 1.82388e-06 -4.90022e-06
2.69318e-05 -7.04658e-06 -7.69797e-06
4.21263e-05 -3.41043e-05 1.55258e-06
-1.53597e-05 5.33449e-06 -9.80532e-06
-2.59675e-05 1.13002e-05 3.00676e-05
-2.97004e-05 5.19572e-06 -5.41891e-05
-7.08844e-05 1.91583e-05 8.75596e-06
-4.37522e-05 -1.02285e-05 1.41684e-05
-5.53386e-05 -5.27732e-05 3.16845e-05
1.75004e-05 -1.31377e-05 -1.20584e-05
5.93746e-05 -1.26244e-05 -4.20436e-05
3.22758e-05 -1.80511e-05 -1.62389e-05
-1.99532e-05 1.57295e-05 3.41029e-06
-3.41043e-05 0.000155852 4.57036e-05
3.06025e-05 -2.11601e-05 -7.7839e-06
3.8885e-05 -3.56051e-05 -6.51896e-05
4.53958e-05 -2.71592e-05 3.95909e-05
8.50766e-06 2.40103e-06 1.19008e-05
-1.3086e-05 -1.08916e-05 1.82631e-06
-1.90493e-05 -1.98633e-05 -2.59472e-05
-8.46236e-07 -1.02544e-05 -2.21514e-06
-2.33734e-05 -9.19789e-06 1.18738e-05
4.12159e-05 -1.48052e-05 -2.62699e-05
-2.40244e-06 7.70508e-06 -4.52987e-06
1.55258e-06 4.57036e-05 7.3602e-05
1.6395e-06 4.39524e-06 -1.1256e-05
5.8456e-07 -4.1501e-06 -2.66213e-05
5.25686e-06 8.95706e-06 -2.36392e-06
-3.38826e-05 1.03158e-05 -3.86769e-06
-1.37251e-05 1.28765e-06 2.47793e-06
-1.38298e-05 -5.32686e-06 2.4693e-05
3.54686e-06 -2.27318e-06 -7.46098e-06
2.79881e-05 -4.99572e-06 -2.5002e-05
-6.24498e-06 -1.16144e-06 1.38894e-06
-9.63424e-06 2.56392e-06 2.34307e-06
-1.53597e-05 3.06025e-05 1.6395e-06
1.87238e-05 -8.32157e-06 1.49698e-06
2.38646e-05 -3.15062e-06 -7.80036e-06
1.85535e-05 -1.95401e-05 1.00916e-05
2.69791e-05 -5.04222e-06 2.8556e-06
5.4301e-06 -4.10447e-06 -5.20143e-06
2.49344e-06 -7.31421e-06 -2.9429e-05
-1.0207e-06 -1.19689e-06 3.31646e-06
-8.56342e-06 1.44004e-06 8.90884e-06
2.5464e-07 -1.25378e-06 3.31446e-06
1.28362e-06 2.56157e-06 2.75006e-06
5.33449e-06 -2.11601e-05 4.39524e-06
-8.32157e-06 1.44261e-05 5.04045e-06
-1.47013e-05 5.16957e-06 3.13091e-06
-9.16849e-06 1.64744e-05 9.1842e-07
8.95364e-06 1.25673e-05 -2.3298e-06
-3.14601e-06 -1.12237e-06 -9.75275e-06
-5.64522e-06 -8.78106e-06 -1.78826e-05
2.14659e-06 -2.78854e-06 -1.03957e-05
2.17275e-05 -4.50906e-06 -2.41743e-05
-1.49696e-05 -2.33394e-06 5.45917e-06
-8.84525e-06 -3.85202e-06 4.75011e-06
-9.80532e-06 -7.7839e-06 -1.1256e-05
1.49698e-06 5.04045e-06 2.36893e-05
2.64995e-06 1.82704e-06 9.59566e-06
5.4365e-06 1.17367e-05 3.22971e-05
-6.24656e-05 2.15286e-05 -7.03445e-06
-2.99403e-05 2.91869e-06 1.66023e-06
-3.44027e-05 -1.72413e-05 4.34789e-05
7.15442e-06 -7.43811e-07 -1.62492e-05
5.56369e-05 -1.05816e-07 -4.84702e-05
-1.03189e-05 -1.42256e-08 3.06496e-06
-1.9142e-05 4.31827e-06 4.97899e-06
-2.59675e-05 3.8885e-05 5.8456e-07
2.38646e-05 -1.47013e-05 2.64995e-06
7.1587e-05 3.00502e-05 2.35881e-06
2.39949e-05 -6.48934e-05 1.29775e-05
3.28506e-06 -5.76502e-06 -7.28989e-06
-5.41391e-06 -8.09262e-08 -9.33849e-06
-9.69165e-06 -2.89369e-06 -1.00029e-05
-5.07626e-06 4.29145e-06 2.65516e-07
-1.22931e-05 1.60992e-05 9.6779e-06
8.72374e-07 2.33933e-06 3.31795e-06
7.16166e-06 -3.0732e-06 -8.39587e-07
1.13002e-05 -3.56051e-05 -4.1501e-06
-3.15062e-06 5.16957e-06 1.82704e-06
3.00502e-05 6.74545e-05 5.77065e-05
-1.70442e-05 -4.79357e-05 -4.11737e-05
2.84376e-05 -1.12759e-05 -1.4742e-05
1.04181e-05 4.40761e-06 -1.6656e-05
1.6097e-05 3.19919e-05 -1.98942e-05
-1.61859e-05 6.79181e-06 3.0229e-06
-5.59389e-05 1.5799e-05 3.25318e-05
-1.45175e-06 3.01747e-06 -5.13372e-07
2.67901e-05 -2.00764e-05 -8.12806e-06
3.00676e-05 -6.51896e-05 -2.66213e-05
-7.80036e-06 3.13091e-06 9.59566e-06
2.35881e-06 5.77065e-05 0.000113129
-3.27934e-05 -2.63027e-05 -7.17249e-05
-4.14433e-05 1.68649e-05 -4.60908e-06
-1.71113e-05 -8.10569e-07 7.36005e-07
-2.02374e-05 -1.63617e-05 2.50742e-05
9.75304e-06 -4.64241e-06 -1.41425e-05
5.3041e-05 -1.22092e-05 -4.53509e-05
-1.21566e-05 -3.00733e-06 2.08229e-06
-2.21725e-05 4.99286e-06 5.30961e-06
-2.97004e-05 4.53958e-05 5.25686e-06
1.85535e-05 -9.16849e-06 5.4365e-06
2.39949e-05 -1.70442e-05 -3.27934e-05
3.74797e-05 -4.00909e-06 5.30007e-05
5.93258e-05 -7.52161e-06 1.13824e-06
2.56685e-05 -9.79795e-06 -1.25163e-05
2.8541e-05 5.04733e-06 -5.38768e-05
-1.75314e-06 -6.86933e-06 3.35882e-06
-2.32489e-05 -1.11239e-05 1.59149e-05
-5.86217e-06 -7.79626e-06 2.36088e-06
5.75109e-07 -8.49704e-06 1.74747e-06
5.19572e-06 -2.71592e-05 8.95706e-06
-1.95401e-05 1.64744e-05 1.17367e-05
-6.48934e-05 -4.79357e-05 -2.63027e-05
-4.00909e-06 0.00010518 4.74821e-05
-2.06318e-05 3.87708e-05 -5.31036e-07
-1.7675e-05 -5.6818e-06 -1.05691e-05
-2.60727e-05 -3.96247e-05 -8.563e-06
1.97725e-05 -1.12313e-05 -3.2719e-05
0.000106215 -2.55874e-05 -9.40554e-05
-3.57606e-05 -7.02547e-06 8.55208e-06
-4.77274e-05 3.5639e-06 1.42433e-05
-5.41891e-05 3.95909e-05 -2.36392e-06
1.00916e-05 9.1842e-07 3.22971e-05
1.29775e-05 -4.11737e-05 -7.17249e-05
5.30007e-05 4.74821e-05 0.000165435
