#t	#pc00001	#pc00002	#pc00003
0	 0.256104	 0.140489	-0.017627
1	 0.053119	-0.004596	 0.058963
2	-0.005119	-0.021813	 0.011983
3	 0.000117	-0.005134	-0.026998
4	 0.003859	-0.032148	 0.001549
5	 0.018825	-0.020498	 0.011761
6	 0.007523	 0.039683	 0.006789
7	-0.004771	 0.009556	 0.012454
8	-0.022794	 0.006385	 0.004853
9	 0.014960	-0.043406	-0.026842
10	-0.003567	-0.001634	-0.027667
11	-0.020588	 0.034817	-0.018794
12	-0.018462	 0.019170	-0.022161
13	-0.010202	 0.026365	 0.029397
14	 0.000845	 0.033388	-0.008467
15	 0.027662	 0.013956	-0.012663
16	-0.025968	 0.005688	 0.030015
17	-0.003638	-0.034082	 0.006295
18	-0.026318	-0.011015	 0.003473
19	-0.010784	 0.020252	 0.010072
20	-0.007098	-0.004392	 0.019630
21	 0.023982	 0.015413	-0.013458
22	-0.033622	 0.058887	 0.006385
23	 0.035187	-0.020064	 0.019246
24	 0.000400	 0.027890	-0.027533
25	 0.028358	-0.040839	-0.017281
26	-0.018762	-0.014810	 0.012875
27	-0.036507	 0.011305	-0.032650
28	-0.000481	 0.026894	 0.002799
29	 0.001514	-0.007868	-0.028183
30	 0.009032	-0.011129	-0.002738
31	 0.011502	-0.008319	 0.010379
32	-0.003224	-0.022688	-0.032651
33	 0.010120	-0.003660	-0.024175
34	 0.003890	 0.013624	-0.034492
35	 0.025569	 0.002226	 0.008449
36	-0.000757	 0.003711	-0.008998
37	-0.003503	 0.031742	-0.001061
38	-0.010547	 0.013505	 0.010069
39	-0.004865	-0.005854	-0.022173
40	-0.004006	-0.005271	 0.000412
41	 0.016166	-0.019418	-0.031651
42	-0.048621	-0.001703	 0.021959
43	-0.004314	 0.032803	 0.030045
44	 0.002100	-0.007674	 0.008198
45	 0.005439	-0.002627	-0.030129
46	 0.009581	-0.012937	-0.005318
47	 0.005638	 0.010099	 0.018932
48	-0.026562	 0.035150	-0.001481
49	-0.000854	-0.008236	-0.000378
50	-0.011452	-0.011033	 0.020330
51	-0.030088	 0.012013	 0.005384
52	-0.003935	 0.056895	 0.007447
53	-0.003773	-0.008336	-0.013962
54	-0.026184	 0.038173	-0.013018
55	 0.044196	-0.009269	 0.044656
56	 0.020292	 0.008036	 0.018127
57	 0.017834	-0.014034	 0.020403
58	-0.008553	 0.016112	-0.019433
59	-0.013938	 0.000302	-0.012081
60	-0.009985	 0.020417	-0.001048
61	 0.058313	-0.033479	 0.011373
62	-0.021863	 0.046380	-0.009411
63	-0.021659	-0.013829	 0.009994
64	 0.004795	 0.007807	-0.002167
65	 0.005579	-0.010911	 0.016117
66	-0.034875	-0.014178	 0.023374
67	-0.008385	-0.015056	-0.007371
68	-0.009877	 0.013744	-0.001943
69	-0.002211	-0.016572	-0.008251
70	-0.014112	 0.008547	 0.000550
71	-0.012904	-0.016137	 0.014178
72	-0.008356	-0.000495	-0.018962
73	-0.027924	 0.003696	 0.011272
74	 0.013609	 0.042974	 0.001161
75	 0.019515	-0.007452	-0.046752
76	-0.014100	-0.011559	-0.003173
77	 0.038803	-0.011367	 0.037178
78	-0.005686	-0.001655	 0.002866
79	 0.002352	 0.013446	 0.029624
80	-0.012761	 0.020635	-0.005725
81	-0.041518	 0.020814	-0.000785
82	-0.002553	-0.017315	 0.016036
83	 0.008558	 0.015948	-0.009609
84	-0.009747	 0.016451	 0.050524
85	 0.024081	 0.015459	-0.016270
86	-0.023266	 0.005678	-0.010036
87	 0.032893	-0.023217	 0.041626
88	 0.001305	-0.030413	-0.021939
89	 0.006306	-0.020812	-0.003101
90	 0.003426	-0.003229	 0.008672
91	-0.005806	-0.000408	-0.012869
92	 0.005693	-0.021597	-0.005663
93	-0.014530	-0.045493	 0.011837
94	 0.002761	-0.005370	 0.025291
95	-0.011813	-0.003582	-0.009383
96	-0.022296	 0.010685	-0.003264
97	 0.008159	-0.002942	-0.024814
98	-0.040331	 0.019873	-0.021536
99	-0.000690	 0.014847	-0.004176
100	 0.015095	-0.017013	 0.008041
101	 0.011686	 0.035200	-0.010310
102	 0.025341	-0.007875	-0.023247
103	-0.015176	 0.008723	 0.001315
104	 0.000277	-0.017908	 0.014424
105	 0.002794	-0.011391	-0.008590
106	-0.022281	-0.000531	 0.019890
107	-0.016834	 0.019751	-0.017596
108	 0.006758	-0.000517	-0.002358
109	-0.006590	-0.002346	-0.027430
110	-0.014033	-0.006943	-0.005254
111	-0.014749	 0.047375	-0.017278
112	-0.002413	 0.050715	-0.010021
113	-0.006620	-0.020277	 0.010884
114	-0.012495	-0.022787	-0.019966
115	-0.042574	 0.022913	 0.010498
116	-0.009989	-0.033570	-0.025513
117	 0.034281	-0.020461	 0.043517
118	 0.012169	-0.019666	 0.004108
119	-0.015824	-0.007652	-0.007128
120	 0.028908	-0.030975	-0.006507
121	-0.016960	 0.011370	-0.014195
122	-0.018432	-0.005783	-0.016984
123	-0.003478	-0.024956	-0.009934
124	-0.008496	-0.009535	 0.000165
125	-0.000048	-0.020925	 0.007339
126	-0.004884	 0.039460	-0.019988
127	 0.019964	 0.008313	 0.008053
128	-0.002053	 0.048036	-0.006085
129	-0.003532	-0.007876	 0.000233
130	 0.058594	-0.029895	-0.031403
131	 0.000067	 0.015213	-0.010848
132	-0.030087	-0.001593	 0.015113
133	 0.002050	-0.023281	 0.022044
134	 0.002995	-0.030502	-0.020150
135	 0.044282	-0.010225	 0.009666
136	 0.007273	-0.039703	-0.038999
137	-0.013810	-0.023344	 0.002131
138	-0.012181	-0.017156	-0.027264
139	-0.024923	-0.004777	-0.011596
140	-0.003671	 0.001342	 0.014701
141	-0.023733	 0.010772	-0.028028
142	-0.000640	 0.012989	-0.012212
143	 0.019492	 0.003401	-0.005126
144	-0.023184	-0.004640	-0.014803
145	 0.014370	-0.004741	 0.009540
146	 0.027896	 0.001106	 0.024367
147	 0.026447	-0.038379	-0.007400
148	-0.001742	-0.007683	-0.007556
149	-0.019313	-0.025260	 0.015033
150	-0.031913	-0.037505	 0.036476
151	 0.004719	-0.012677	 0.010647
152	 0.010799	 0.020025	 0.003615
153	 0.012449	 0.002238	-0.028522
154	 0.017603	 0.017697	 0.030687
155	-0.008258	 0.004889	-0.001601
156	 0.001223	-0.013335	-0.010912
157	-0.011537	 0.007721	 0.013146
158	-0.006690	 0.010096	-0.017821
159	-0.005382	 0.019934	 0.024815
160	-0.024176	-0.025195	 0.001465
161	-0.028696	 0.027909	 0.003604
162	 0.029214	-0.022600	 0.007394
163	-0.024747	 0.003372	 0.027368
164	 0.011976	 0.010750	 0.013268
165	-0.005219	-0.022068	 0.005239
166	 0.028226	-0.011557	 0.002376
167	 0.003414	-0.006539	-0.036877
168	 0.009423	 0.027607	 0.031480
169	-0.035087	-0.017216	-0.006643
170	 0.021896	-0.019286	-0.031586
171	 0.030733	-0.021092	 0.002799
172	-0.018560	 0.041941	 0.032490
173	 0.047223	-0.036788	 0.007298
174	 0.002150	-0.007918	 0.016735
175	-0.020772	 0.012074	 0.001476
176	-0.015027	-0.030690	 0.004291
177	 0.028701	 0.019253	 0.025297
178	-0.000801	 0.012067	 0.007854
179	 0.012094	-0.032720	 0.011142
180	 0.023260	-0.024271	 0.012740
181	 0.009570	 0.032385	-0.002872
182	-0.005910	 0.053777	 0.011863
183	-0.003465	 0.014951	 0.022197
184	-0.035793	 0.000290	-0.013016
185	 0.004925	 0.000697	 0.033523
186	-0.019815	-0.019536	-0.026669
187	 0.007584	-0.032508	-0.012095
188	 0.007995	-0.010046	-0.018095
189	-0.010194	 0.003167	-0.003735
190	 0.030688	-0.025582	 0.027960
191	-0.004012	-0.010480	-0.006137
192	 0.034410	-0.008009	-0.002453
193	-0.016605	 0.018744	-0.002085
194	 0.014814	-0.019946	 0.022655
195	-0.022018	 0.016584	 0.028881
196	-0.026270	 0.012093	-0.003328
197	-0.007382	-0.032788	 0.039328
198	 0.018742	-0.000634	-0.001235
199	-0.018194	 0.026378	-0.004884
200	 0.016065	-0.045857	 0.003308
201	-0.007712	 0.008106	 0.024335
202	 0.015519	-0.023595	-0.027253
203	-0.002013	 0.019040	 0.022398
204	-0.020242	 0.030737	-0.009178
205	-0.026424	 0.066978	 0.019164
206	-0.034929	-0.010290	-0.013157
207	 0.020367	 0.008063	 0.009181
208	 0.035180	-0.018737	 0.015560
209	-0.032264	 0.032242	 0.017580
210	-0.020098	 0.010015	-0.012073
211	-0.002936	 0.010996	 0.001390
212	-0.034757	 0.006595	 0.008192
213	-0.010488	 0.038384	 0.005355
214	 0.001060	 0.003967	 0.001323
215	-0.026312	 0.011915	-0.002394
216	-0.017779	-0.022582	-0.003247
217	 0.006327	 0.048116	-0.050864
218	 0.004992	-0.002726	 0.002108
219	-0.005775	 0.005310	-0.009179
220	-0.023353	-0.024734	-0.012209
221	 0.023152	-0.009910	-0.008686
222	 0.016901	-0.013184	 0.003881
223	 0.032786	-0.034064	 0.023719
224	 0.035637	 0.013320	-0.010549
225	-0.019274	-0.001533	 0.003765
226	 0.023731	-0.015017	-0.022832
227	 0.010294	-0.021787	-0.017136
228	 0.048144	-0.035374	 0.006579
229	 0.029299	-0.054214	 0.000784
230	 0.007317	 0.005658	-0.028563
231	-0.022490	 0.003237	-0.001404
232	-0.011248	 0.022395	 0.007982
233	 0.013146	-0.000637	-0.002929
234	 0.013468	 0.001303	-0.024967
235	 0.027796	-0.015424	-0.010972
236	 0.023927	-0.016417	-0.016919
237	-0.022038	 0.006293	 0.007459
238	-0.007149	-0.017776	-0.003149
239	-0.009856	-0.022129	-0.006943
240	-0.004594	-0.002632	-0.039581
241	-0.015988	-0.026365	 0.003750
242	-0.000708	 0.024813	-0.009472
243	-0.028701	 0.022606	 0.009792
244	-0.002421	-0.007990	-0.023478
245	-0.012482	-0.017336	 0.025448
246	-0.004214	 0.021534	 0.030384
247	-0.002476	-0.002816	-0.006676
248	 0.008118	-0.010592	 0.003928
249	-0.021555	 0.012425	 0.020389
250	-0.009182	 0.017024	 0.026533
