#t	#pc00001	#pc00002	#pc00003
0	 0.006005	 0.017734	-0.026643
1	-0.034345	-0.028387	 0.004150
2	 0.016451	-0.016870	-0.019391
3	 0.002864	-0.024915	-0.008636
4	-0.042205	-0.007258	-0.000784
5	 0.021237	 0.000353	 0.007807
6	 0.045094	-0.007819	-0.011597
7	 0.044398	 0.021151	 0.009670
8	 0.006306	 0.035731	 0.023326
9	-0.008951	-0.013453	-0.019311
10	 0.008680	-0.008627	 0.002640
11	 0.023014	-0.013694	 0.005250
12	 0.005716	-0.008854	-0.000859
13	 0.015860	 0.014120	-0.002947
14	 0.031626	-0.002870	-0.024650
15	 0.001067	 0.007088	 0.000916
16	-0.015600	 0.002100	 0.000442
17	 0.017005	 0.000062	 0.000098
18	 0.014060	-0.020245	-0.018139
19	-0.043664	 0.035826	-0.006298
20	-0.015713	 0.031014	-0.023785
21	-0.046027	 0.007992	 0.025569
22	 0.039014	 0.029869	-0.010981
23	 0.003204	-0.009730	 0.006378
24	-0.017489	 0.009412	 0.014780
25	 0.041815	 0.003115	 0.004078
26	 0.040935	 0.025939	 0.014021
27	 0.030049	-0.007941	 0.022261
28	 0.032002	-0.006604	 0.004350
29	-0.023134	 0.026728	 0.010238
30	-0.003174	 0.013414	 0.000186
31	-0.018471	-0.025244	 0.006156
32	-0.009422	 0.011765	-0.025841
33	 0.027194	-0.001102	 0.019914
34	-0.011723	 0.001450	 0.022519
35	-0.040402	-0.001642	 0.001634
36	-0.012795	-0.022742	-0.015521
37	 0.011155	 0.037938	-0.025664
38	-0.017257	 0.022784	-0.000023
39	 0.019883	-0.004933	-0.008035
40	 0.017655	-0.000516	-0.007385
41	 0.016346	-0.014108	-0.003772
42	 0.007017	-0.028693	 0.000579
43	-0.015674	 0.008535	-0.025448
44	-0.008159	 0.042001	-0.035093
45	 0.056089	-0.011552	 0.006707
46	 0.026911	-0.026182	-0.006758
47	 0.020261	 0.023722	 0.018795
48	 0.005885	-0.003357	 0.001436
49	-0.028165	-0.017854	-0.020771
50	-0.012762	 0.017348	-0.006817
51	 0.030450	-0.005279	-0.011382
52	-0.017687	 0.009463	 0.001907
53	-0.027365	-0.018975	-0.006024
54	-0.012771	-0.040913	 0.012251
55	 0.011943	-0.028586	-0.004015
56	 0.041985	-0.033416	-0.008359
57	 0.003327	-0.006284	-0.005537
58	-0.005500	-0.003343	-0.009215
59	-0.024174	 0.010089	-0.004587
60	 0.021698	 0.007064	 0.000552
61	-0.032119	 0.012913	-0.012217
62	-0.061827	-0.001451	 0.015182
63	-0.034442	-0.020503	-0.027894
64	-0.040956	 0.018851	 0.006902
65	-0.016264	-0.001641	 0.023000
66	-0.009248	 0.000907	-0.011094
67	 0.017910	 0.000290	 0.002292
68	 0.033681	-0.008229	-0.020835
69	-0.029964	 0.008737	 0.020349
70	-0.052745	-0.022991	 0.011523
71	 0.007762	 0.018496	 0.022679
72	 0.035294	-0.008158	 0.006595
73	 0.016759	-0.000813	-0.024869
74	 0.010727	-0.013483	-0.017129
75	-0.026573	 0.000564	 0.030554
76	-0.007204	 0.008372	-0.018947
77	 0.030685	 0.021858	 0.018958
78	 0.006176	 0.028788	-0.009855
79	 0.006534	-0.005256	-0.013625
80	 0.011211	 0.014268	-0.009703
81	-0.024501	 0.005124	 0.006229
82	-0.001323	-0.007746	 0.007048
83	 0.013521	-0.008551	-0.003844
84	-0.020978	-0.024015	 0.000263
85	 0.010449	 0.023455	-0.001890
86	-0.009037	 0.003540	 0.010323
87	-0.002831	-0.029000	-0.010367
88	-0.007896	 0.019660	-0.022092
89	-0.019884	-0.001945	-0.008111
90	-0.005414	 0.024650	 0.016361
91	-0.009111	-0.005109	 0.027106
92	 0.000567	-0.034389	-0.005771
93	-0.004794	 0.052289	-0.002545
94	-0.032781	 0.019768	 0.014012
95	 0.027008	 0.022095	 0.009262
96	 0.007103	-0.028431	 0.018059
97	 0.056573	 0.035915	 0.038818
98	 0.014058	-0.005455	 0.014348
99	-0.027671	 0.006636	 0.007906
100	-0.009958	-0.025155	-0.004838
101	-0.013309	-0.001637	 0.006085
102	 0.002440	-0.005135	 0.004284
103	 0.014154	-0.001599	-0.020192
104	 0.024599	 0.004695	-0.000576
105	 0.031701	-0.012519	 0.003801
106	-0.034733	 0.043893	-0.006416
107	-0.058044	 0.023073	 0.012753
108	-0.006955	-0.012070	-0.003538
109	 0.009255	 0.008518	-0.009088
110	-0.004479	-0.005827	 0.000690
111	 0.001379	 0.020918	-0.011131
112	 0.003959	 0.005637	 0.006927
113	 0.023905	-0.003577	-0.000805
114	-0.002580	 0.016336	 0.013429
115	-0.022123	 0.006586	-0.016315
116	 0.001250	 0.013628	-0.016817
117	 0.007692	-0.017019	-0.027402
118	 0.042840	-0.016036	-0.003257
119	-0.013011	-0.003781	 0.029674
120	 0.012734	 0.006762	 0.020794
121	-0.033006	 0.022460	 0.003348
122	-0.002927	-0.012364	 0.024367
123	 0.031868	-0.019146	-0.011372
124	-0.018781	-0.009801	-0.011945
125	-0.017031	 0.025694	-0.004979
126	 0.028705	 0.010712	 0.017776
127	 0.019499	-0.013501	 0.020919
128	 0.033024	-0.027338	 0.018727
129	-0.002079	-0.008695	 0.017101
130	-0.015434	 0.031144	-0.005786
131	 0.017261	 0.031730	-0.012961
132	 0.023251	 0.029263	 0.001667
133	 0.017500	-0.016673	-0.023950
134	 0.026264	 0.010515	 0.004441
135	-0.039127	-0.030708	-0.015221
136	 0.025071	 0.008487	 0.020118
137	 0.009932	-0.032012	 0.002621
138	-0.022124	 0.017387	-0.008047
139	-0.011484	 0.036796	-0.005646
140	-0.013805	 0.010148	-0.020583
141	 0.014353	-0.003238	 0.011980
142	 0.014651	-0.005405	-0.005570
143	-0.002052	-0.005556	-0.007165
144	 0.001163	-0.019246	 0.015848
145	-0.037554	-0.023430	 0.008864
146	-0.025235	-0.002384	 0.027186
147	-0.009181	 0.026024	-0.013605
148	-0.018636	 0.022353	 0.015624
149	 0.027394	 0.027927	-0.014422
150	 0.009944	 0.018472	-0.023605
151	-0.036730	 0.015223	 0.018706
152	 0.009901	 0.008792	-0.013505
153	-0.052087	 0.028403	 0.008796
154	-0.042853	-0.007694	-0.010586
155	 0.047490	-0.013966	 0.016613
156	-0.051513	-0.004868	 0.022890
157	-0.017042	-0.002880	-0.001354
158	 0.030392	 0.003471	-0.008826
159	 0.009530	 0.017073	 0.045674
160	-0.009826	 0.012571	-0.008785
161	 0.007673	-0.018072	 0.022861
162	-0.032926	 0.000064	 0.012013
163	 0.003745	-0.020869	 0.029168
164	 0.028708	-0.015787	-0.013513
165	-0.051904	 0.010261	 0.007484
166	 0.036074	-0.013626	 0.007087
167	 0.030644	 0.032572	-0.033488
168	-0.015664	 0.002612	-0.011520
169	-0.030706	 0.006179	-0.006492
170	-0.001629	 0.012127	 0.006168
171	-0.035385	-0.008864	-0.013057
172	 0.023629	 0.040410	-0.023155
173	-0.009605	 0.000557	 0.020513
174	-0.005805	-0.012319	 0.006311
175	 0.000852	-0.019338	 0.011480
176	 0.034659	 0.004246	 0.002121
177	 0.071083	 0.023421	 0.018880
178	-0.034700	-0.015541	-0.004100
179	 0.009805	-0.014074	-0.019887
180	-0.009884	-0.005064	-0.015649
181	 0.003687	 0.001268	 0.000171
182	-0.010342	 0.013438	 0.017956
183	 0.035465	 0.003316	 0.021329
184	-0.008211	-0.007453	 0.016801
185	 0.011870	-0.021802	 0.011834
186	 0.028756	 0.011892	-0.002755
187	 0.005172	-0.022467	-0.021483
188	 0.046199	-0.013053	 0.008049
189	 0.007700	-0.017315	-0.002604
190	 0.005529	 0.008703	 0.016025
191	 0.023172	-0.017392	-0.001788
192	 0.023205	 0.007592	 0.030760
193	-0.023877	-0.018238	-0.010284
194	-0.001156	-0.011307	-0.024299
195	 0.021476	 0.017662	 0.001116
196	-0.053240	-0.023906	-0.008371
197	 0.019894	 0.037251	 0.003470
198	-0.039903	 0.040497	 0.015044
199	 0.046927	-0.007646	-0.016875
200	-0.012455	-0.009008	-0.008393
201	 0.003846	 0.013663	 0.000343
202	-0.001997	-0.011233	-0.001430
203	 0.000219	 0.022461	-0.001021
204	-0.035672	 0.014374	 0.018008
205	-0.038270	-0.006894	-0.005003
206	-0.033496	-0.008768	 0.025693
207	 0.011824	 0.009855	 0.047919
208	-0.015843	 0.005104	 0.003951
209	 0.016934	-0.026928	-0.017107
210	-0.015458	 0.005834	-0.018646
211	 0.033671	 0.004411	-0.014783
212	 0.005040	-0.007636	-0.006457
213	 0.079768	 0.037553	 0.019211
214	 0.017634	 0.012336	 0.004525
215	 0.055842	-0.002118	 0.032586
216	-0.060330	-0.001534	-0.006480
217	 0.006953	-0.012734	-0.001365
218	 0.112300	-0.011111	 0.066007
219	 0.010913	-0.035704	-0.013336
220	-0.016625	 0.034878	 0.029303
221	 0.024103	-0.003106	-0.012688
222	 0.007927	-0.041371	-0.026836
223	-0.026625	-0.029883	-0.014716
224	 0.013452	 0.015497	-0.005618
225	-0.002979	-0.044960	-0.001429
226	 0.002459	-0.013862	-0.006907
227	 0.008447	 0.010408	 0.005297
228	 0.053999	 0.006522	-0.027037
229	-0.038144	 0.016425	 0.015719
230	 0.001143	-0.018247	-0.025266
231	-0.037101	 0.007460	 0.000358
232	-0.008446	 0.007792	 0.010791
233	 0.006341	-0.029801	-0.026811
234	-0.012391	 0.031110	-0.002656
235	 0.013608	-0.009760	-0.010475
236	 0.052788	-0.017835	 0.003950
237	-0.003499	-0.007038	 0.026127
238	 0.036809	-0.024452	 0.009422
239	 0.025390	-0.005433	-0.028372
240	 0.037045	-0.009758	 0.019071
241	 0.027287	 0.033142	-0.021055
242	-0.010708	 0.009226	-0.028529
243	-0.043962	 0.003035	 0.000833
244	 0.021449	 0.010794	-0.001951
245	-0.014800	 0.024350	 0.024075
246	 0.029130	 0.018319	 0.023804
247	-0.020445	-0.009342	 0.009176
248	-0.046203	-0.015514	 0.011395
249	-0.001590	-0.012143	-0.005236
250	 0.027107	-0.025741	-0.010040
251	 0.011512	-0.010952	-0.001180
252	 0.006398	 0.006307	-0.005236
253	-0.018873	 0.015323	-0.009419
254	 0.031783	-0.008243	-0.001870
255	-0.013411	 0.009144	-0.010715
256	 0.023062	-0.006933	-0.016884
257	-0.005407	-0.016908	-0.016571
258	 0.034656	 0.008761	 0.017878
259	-0.002460	-0.015862	-0.010101
260	-0.038144	 0.019358	-0.004843
261	 0.004885	-0.007420	 0.040963
262	 0.021954	 0.023732	-0.010753
263	-0.000328	 0.023126	-0.002309
264	 0.028901	 0.030166	-0.013635
265	 0.016462	-0.001737	-0.011230
266	 0.002627	 0.004118	-0.019171
267	-0.014636	-0.001330	 0.012095
268	-0.005384	 0.045167	-0.010273
269	 0.033790	 0.011030	-0.013812
270	 0.021966	-0.013215	 0.008635
271	-0.000769	-0.001441	-0.003348
272	 0.015156	 0.009418	 0.022188
273	-0.062877	 0.013102	 0.007620
274	 0.030475	 0.015153	-0.002008
275	-0.041264	-0.026345	-0.010647
276	-0.008441	-0.005695	-0.007795
277	-0.015283	 0.021186	 0.001720
278	-0.021754	-0.008632	-0.008624
279	-0.032717	 0.014776	 0.011992
280	-0.008415	 0.005599	 0.012897
281	 0.002014	-0.030624	-0.003655
282	 0.005882	-0.015383	-0.016426
283	-0.004615	-0.025941	 0.004247
284	-0.004369	-0.009802	 0.009598
285	-0.022366	-0.043942	 0.006269
286	-0.017967	 0.011961	 0.000639
287	 0.004841	 0.038900	-0.007442
288	 0.018922	-0.009622	 0.021224
289	 0.009643	-0.013688	 0.004992
290	-0.019975	 0.012426	 0.003510
291	-0.023923	 0.016127	-0.014570
292	-0.001619	-0.016325	-0.003968
293	-0.002433	 0.008750	 0.004844
294	-0.002799	-0.000675	-0.015385
295	-0.019648	 0.006491	 0.021673
296	 0.003057	 0.015112	-0.005301
297	 0.032826	 0.042840	-0.005559
298	 0.015699	-0.012488	-0.028225
299	 0.002579	-0.016382	-0.011682
300	 0.000446	-0.010644	 0.002184
301	-0.004312	-0.035676	-0.021628
302	 0.024145	 0.006804	-0.043371
303	-0.015589	-0.013520	 0.010951
304	-0.038203	-0.012998	 0.005801
305	-0.001946	-0.010550	 0.007704
306	 0.042114	-0.014869	 0.003560
307	 0.024516	-0.039569	-0.014666
308	 0.031566	 0.049426	-0.010989
309	 0.024563	 0.003491	-0.002604
310	 0.014158	-0.008767	-0.011990
311	-0.020877	-0.014046	 0.016209
312	 0.026451	-0.008297	-0.010909
313	-0.011829	 0.008740	 0.003355
314	-0.013957	-0.013795	 0.007825
315	-0.007008	-0.022576	-0.037895
316	 0.016745	 0.007498	 0.006291
317	 0.022226	-0.020267	-0.016112
318	-0.014375	 0.004582	 0.014378
319	-0.032960	 0.033582	 0.004793
320	-0.018026	-0.018952	 0.036725
321	-0.010444	 0.005093	 0.010633
322	-0.020952	 0.015516	-0.018713
323	 0.016374	 0.030762	 0.013526
324	 0.025474	 0.016269	-0.009659
325	 0.012791	-0.007402	-0.015976
326	-0.017765	-0.025301	-0.022290
327	-0.014252	 0.005776	 0.002832
328	 0.039144	 0.001065	 0.001814
329	 0.027978	-0.009691	 0.025041
330	-0.060565	 0.009165	 0.025896
331	 0.030912	 0.005129	 0.026560
332	-0.015578	-0.025882	 0.023735
333	 0.021112	-0.018043	-0.009087
334	 0.011603	-0.009037	 0.006629
335	-0.032217	 0.028385	 0.027071
336	 0.003472	-0.010724	-0.019805
337	-0.030679	 0.007468	 0.030820
338	 0.030006	 0.011513	 0.014341
339	-0.006379	 0.009469	 0.003908
340	 0.007000	-0.004126	-0.009517
341	 0.034321	 0.003035	 0.023698
342	-0.009485	 0.013173	-0.003121
343	 0.007755	-0.020803	 0.020299
344	-0.017442	-0.001515	-0.023970
345	 0.026463	 0.008924	-0.004977
346	 0.005657	-0.003466	-0.018894
347	 0.005781	-0.006851	 0.004827
348	-0.019512	-0.005156	 0.030207
349	 0.018574	 0.005593	 0.002308
350	-0.030594	-0.000711	-0.006708
351	 0.031416	-0.007547	 0.009000
352	 0.029139	-0.024831	-0.002150
353	-0.025588	 0.009185	 0.023246
354	-0.007434	 0.013409	 0.009065
355	 0.009701	 0.012222	-0.011806
356	-0.013114	 0.013166	 0.009219
357	-0.022287	-0.025952	-0.008144
358	-0.015440	 0.030163	-0.030489
359	 0.002957	 0.012274	-0.008916
360	 0.018478	 0.040455	-0.004590
361	 0.040286	 0.001054	 0.000839
362	 0.019375	-0.008771	 0.037923
363	 0.025497	-0.036548	-0.015324
364	-0.005477	 0.008278	-0.006161
365	 0.020186	-0.002100	 0.017516
366	 0.046849	-0.023316	-0.016714
367	-0.043962	-0.013086	 0.003252
368	 0.076995	-0.024287	 0.053194
369	 0.011070	 0.015475	 0.007448
370	 0.012119	-0.010871	-0.006210
371	-0.021986	-0.004002	 0.004531
372	 0.000245	-0.005460	 0.005731
373	-0.025873	-0.037723	-0.014625
374	-0.004996	 0.010612	 0.011806
375	-0.043255	 0.011384	 0.032397
376	-0.003986	-0.000263	 0.012986
377	-0.014722	 0.012986	 0.004840
378	-0.007452	-0.007996	-0.000414
379	-0.017245	 0.004403	 0.022611
380	 0.000577	 0.003230	 0.020178
381	-0.010163	 0.019343	-0.008443
382	-0.041552	-0.038938	 0.002795
383	-0.022348	 0.012759	-0.013385
384	-0.038773	 0.009970	 0.002601
385	-0.001047	-0.002560	-0.014225
386	 0.018863	 0.005058	-0.002025
387	 0.015828	-0.011955	 0.004531
388	-0.003158	 0.020995	 0.008675
389	 0.019914	 0.007476	-0.008039
390	-0.028804	-0.004018	 0.024476
391	-0.010491	-0.008369	-0.011335
392	 0.017320	 0.006683	 0.000702
393	 0.005727	-0.002933	 0.003676
394	 0.009096	 0.008344	 0.015804
395	 0.008544	 0.023259	-0.026578
396	 0.007811	 0.004225	-0.004069
397	 0.015009	-0.044401	 0.004185
398	 0.017973	-0.002867	 0.000582
399	 0.037891	-0.010990	 0.010273
400	-0.042835	-0.019505	-0.037125
401	 0.001247	 0.003422	-0.021705
402	 0.007258	-0.010516	-0.017344
403	-0.005507	 0.005808	 0.001409
404	-0.049747	-0.023493	-0.018066
405	-0.002267	-0.024785	-0.004340
406	-0.012232	-0.004774	-0.007343
407	-0.014383	-0.015210	 0.010662
408	-0.041241	-0.018204	-0.001804
409	-0.020850	 0.014427	-0.004072
410	-0.023121	-0.004922	 0.013166
411	-0.040876	-0.003067	 0.012763
412	-0.005890	-0.009432	 0.007126
413	 0.005892	-0.001807	-0.002850
414	-0.007472	 0.034127	-0.020314
415	 0.043208	-0.002203	 0.012023
416	-0.001425	-0.014682	 0.012020
417	 0.010392	 0.008153	-0.028746
418	 0.013067	 0.008773	-0.016741
419	 0.014787	 0.030249	 0.007648
420	-0.011501	-0.005409	-0.041178
421	-0.014742	-0.019080	-0.005161
422	 0.015766	 0.005944	 0.015695
423	-0.009268	 0.041765	-0.012711
424	-0.000613	 0.003423	-0.013822
425	-0.022287	-0.021410	 0.010448
426	 0.010113	-0.005483	 0.007202
427	-0.006082	-0.008627	 0.009992
428	 0.019716	-0.012433	-0.024363
429	 0.033310	-0.011837	-0.009053
430	 0.041330	 0.010658	 0.024651
431	 0.039964	 0.011102	 0.006306
432	 0.015034	 0.007362	 0.017423
433	-0.016640	-0.011882	 0.009871
434	 0.008176	-0.003254	 0.009585
435	-0.006322	-0.014017	-0.007760
436	-0.001847	 0.042812	-0.046622
437	-0.050093	 0.013893	 0.005141
438	 0.046479	 0.002917	-0.011446
439	-0.024368	-0.028476	 0.001873
440	 0.014163	-0.014708	 0.003827
441	 0.007817	 0.020893	-0.011497
442	-0.018428	-0.004086	-0.002915
443	 0.020312	-0.003732	-0.012582
444	-0.063073	-0.017021	-0.004110
445	-0.048917	-0.000374	-0.005987
446	-0.044364	 0.011352	-0.005423
447	-0.011919	-0.002231	-0.021824
448	 0.004331	-0.012124	-0.008477
449	 0.007277	-0.009771	-0.008764
450	 0.008722	-0.036003	-0.000334
451	 0.008846	-0.019380	 0.015571
452	-0.013968	 0.012931	-0.019100
453	 0.041990	 0.061026	-0.025733
454	-0.005493	 0.033112	-0.019721
455	-0.003663	 0.017403	-0.004505
456	 0.019171	 0.008665	-0.004365
457	-0.019694	 0.007827	-0.010146
458	-0.032854	-0.015295	 0.014116
459	-0.020776	-0.008660	 0.002081
460	-0.006307	-0.011782	-0.001770
461	 0.041353	-0.022594	-0.009050
462	 0.006843	-0.018372	-0.002329
463	-0.033676	 0.022818	 0.005510
464	-0.017420	-0.013901	-0.001957
465	 0.029671	-0.014857	 0.001874
466	-0.022773	-0.007491	 0.000971
467	 0.011749	 0.003153	 0.016370
468	-0.034177	-0.032569	-0.002166
469	-0.025722	 0.006486	 0.000109
470	-0.002582	 0.016384	-0.016068
471	 0.013545	 0.006569	 0.001228
472	-0.037148	 0.008000	 0.027648
473	-0.033217	 0.000096	-0.012803
474	 0.005223	-0.009002	 0.013861
475	 0.044670	-0.023453	-0.027221
476	-0.024684	-0.028864	-0.009026
477	-0.007983	 0.003715	-0.007139
478	 0.056595	 0.003764	 0.001955
479	 0.009185	-0.031890	 0.024239
480	-0.000993	-0.019504	-0.009082
481	-0.038252	 0.002357	 0.007964
482	-0.029471	-0.005791	 0.014189
483	 0.005063	-0.013491	 0.008556
484	-0.018925	 0.008714	-0.002130
485	 0.025257	 0.066415	-0.038886
486	-0.009577	 0.015088	 0.004887
487	-0.002872	 0.017555	-0.001613
488	-0.035981	-0.010531	-0.028494
489	-0.027904	 0.002154	 0.016549
490	-0.005203	-0.013719	-0.015477
491	-0.040910	 0.010249	 0.012342
492	 0.024833	-0.018189	-0.015572
493	 0.009979	-0.013544	 0.001099
494	-0.043471	 0.017672	 0.009373
495	 0.023766	 0.000500	 0.011237
496	 0.022000	-0.012787	 0.015630
497	-0.021927	-0.009757	-0.007309
498	-0.044455	 0.006628	 0.009867
499	-0.042109	-0.013878	 0.024541
500	-0.027842	-0.010214	-0.016344
